0 -0.999682
0.01 -0.999747
0.02 -0.995883
0.03 -0.988073
0.04 -0.976378
0.05 -0.960818
0.06 -0.941474
0.07 -0.918409
0.08 -0.891723
0.09 -0.861516
0.1 -0.82791
0.11 -0.791036
0.12 -0.751041
0.13 -0.708081
0.14 -0.662327
0.15 -0.613958
0.16 -0.563168
0.17 -0.510154
0.18 -0.455127
0.19 -0.398303
0.2 -0.339909
0.21 -0.280172
0.22 -0.21933
0.23 -0.157622
0.24 -0.0952923
0.25 -0.0325859
0.26 0.0302482
0.27 0.0929641
0.28 0.155312
0.29 0.217048
0.3 0.277926
0.31 0.337708
0.32 0.396157
0.33 0.453043
0.34 0.508141
0.35 0.561233
0.36 0.612111
0.37 0.660572
0.38 0.706427
0.39 0.749494
0.4 0.789603
0.41 0.826595
0.42 0.860327
0.43 0.89066
0.44 0.917483
0.45 0.940679
0.46 0.960169
0.47 0.975863
0.48 0.987712
0.49 0.995658
0.5 0.999679
0.51 0.99975
0.52 0.995881
0.53 0.988076
0.54 0.976376
0.55 0.960819
0.56 0.941473
0.57 0.91841
0.58 0.891723
0.59 0.861517
0.6 0.82791
0.61 0.791036
0.62 0.75104
0.63 0.708081
0.64 0.662326
0.65 0.61396
0.66 0.563166
0.67 0.510156
0.68 0.455124
0.69 0.398307
0.7 0.339905
0.71 0.280175
0.72 0.219327
0.73 0.157625
0.74 0.0952899
0.75 0.0325879
0.76 -0.03025
0.77 -0.0929625
0.78 -0.155313
0.79 -0.217047
0.8 -0.277927
0.81 -0.337708
0.82 -0.396158
0.83 -0.453042
0.84 -0.508143
0.85 -0.56123
0.86 -0.612114
0.87 -0.660568
0.88 -0.706432
0.89 -0.749489
0.9 -0.789608
0.91 -0.82659
0.92 -0.860331
0.93 -0.890656
0.94 -0.917487
0.95 -0.940675
0.96 -0.960172
0.97 -0.97586
0.98 -0.987716
0.99 -0.995655
