0 -159395
0.01 155690
0.02 -150926
0.03 145232
0.04 -138569
0.05 130617
0.06 -120843
0.07 108753
0.08 -94257.8
0.09 77918
0.1 -60947.7
0.11 44899.5
0.12 -31216.5
0.13 20797.1
0.14 -13823.9
0.15 9829.61
0.16 -8004.88
0.17 7502.43
0.18 -7691.62
0.19 8199.3
0.2 -8866.77
0.21 9594.32
0.22 -10273.5
0.23 10738.8
0.24 -10854.8
0.25 10567.3
0.26 -9985.93
0.27 9332.73
0.28 -8885.25
0.29 8826.63
0.3 -9187.34
0.31 9796.31
0.32 -10375.8
0.33 10622.6
0.34 -10342.5
0.35 9470.37
0.36 -8080.16
0.37 6291.93
0.38 -4224
0.39 1914.83
0.4 673.032
0.41 -3663.84
0.42 7207.08
0.43 -11431.4
0.44 16348.9
0.45 -21809.7
0.46 27476.5
0.47 -32896
0.48 37600.3
0.49 -41238
0.5 43646.8
0.51 -44864.4
0.52 45058.3
0.53 -44419.4
0.54 43061.3
0.55 -40967.2
0.56 38020
0.57 -34090.7
0.58 29168.1
0.59 -23434.3
0.6 17276.1
0.61 -11172.9
0.62 5551.15
0.63 -604.411
0.64 -3791.95
0.65 8110.99
0.66 -13054.5
0.67 19385.4
0.68 -27655.5
0.69 37993.2
0.7 -49930.1
0.71 62443
0.72 -74117.8
0.73 83501.1
0.74 -89417.7
0.75 91261.8
0.76 -89063.7
0.77 83444.8
0.78 -75384.5
0.79 66014.7
0.8 -56400
0.81 47486.4
0.82 -40089.8
0.83 34994.7
0.84 -32959.7
0.85 34686.9
0.86 -40634.1
0.87 50842.1
0.88 -64765.2
0.89 81292.3
0.9 -98889.8
0.91 115922
0.92 -130971
0.93 143121
0.94 -152060
0.95 158011
0.96 -161497
0.97 163080
0.98 -163155
0.99 161906
