0 -4.8421e+15
0.01 4.95882e+15
0.02 -5.01469e+15
0.03 5.0166e+15
0.04 -4.97074e+15
0.05 4.88169e+15
0.06 -4.75205e+15
0.07 4.58243e+15
0.08 -4.37169e+15
0.09 4.11767e+15
0.1 -3.81856e+15
0.11 3.47477e+15
0.12 -3.09106e+15
0.13 2.678e+15
0.14 -2.25206e+15
0.15 1.83396e+15
0.16 -1.44542e+15
0.17 1.10533e+15
0.18 -8.26398e+14
0.19 6.13442e+14
0.2 -4.63557e+14
0.21 3.67994e+14
0.22 -3.14858e+14
0.23 2.91737e+14
0.24 -2.87559e+14
0.25 2.93489e+14
0.26 -3.03054e+14
0.27 3.11885e+14
0.28 -3.17423e+14
0.29 3.18719e+14
0.3 -3.16244e+14
0.31 3.11556e+14
0.32 -3.06708e+14
0.33 3.03465e+14
0.34 -3.02563e+14
0.35 3.0325e+14
0.36 -3.03325e+14
0.37 2.99631e+14
0.38 -2.88827e+14
0.39 2.68132e+14
0.4 -2.35761e+14
0.41 1.90948e+14
0.42 -1.33598e+14
0.43 6.38e+13
0.44 1.85665e+13
0.45 -1.13913e+14
0.46 2.22644e+14
0.47 -3.44565e+14
0.48 4.78184e+14
0.49 -6.20193e+14
0.5 7.65341e+14
0.51 -9.06834e+14
0.52 1.03719e+15
0.53 -1.14932e+15
0.54 1.23754e+15
0.55 -1.2981e+15
0.56 1.32932e+15
0.57 -1.33106e+15
0.58 1.30415e+15
0.59 -1.24975e+15
0.6 1.16918e+15
0.61 -1.06414e+15
0.62 9.37161e+14
0.63 -7.91966e+14
0.64 6.33415e+14
0.65 -4.66805e+14
0.66 2.96637e+14
0.67 -1.25189e+14
0.68 -4.85417e+13
0.69 2.29043e+14
0.7 -4.23308e+14
0.71 6.38734e+14
0.72 -8.80343e+14
0.73 1.14804e+15
0.74 -1.43478e+15
0.75 1.7262e+15
0.76 -2.00223e+15
0.77 2.24016e+15
0.78 -2.41873e+15
0.79 2.5221e+15
0.8 -2.5428e+15
0.81 2.48309e+15
0.82 -2.35453e+15
0.83 2.17616e+15
0.84 -1.97193e+15
0.85 1.76801e+15
0.86 -1.59045e+15
0.87 1.46327e+15
0.88 -1.40686e+15
0.89 1.43637e+15
0.9 -1.56011e+15
0.91 1.77816e+15
0.92 -2.08154e+15
0.93 2.45257e+15
0.94 -2.8666e+15
0.95 3.29517e+15
0.96 -3.70983e+15
0.97 4.08598e+15
0.98 -4.40564e+15
0.99 4.65862e+15
