0 1.99494e+25
0.01 -2.18238e+25
0.02 2.35008e+25
0.03 -2.49144e+25
0.04 2.60239e+25
0.05 -2.68114e+25
0.06 2.72776e+25
0.07 -2.7435e+25
0.08 2.73019e+25
0.09 -2.68967e+25
0.1 2.62346e+25
0.11 -2.53267e+25
0.12 2.41811e+25
0.13 -2.28057e+25
0.14 2.12133e+25
0.15 -1.94257e+25
0.16 1.74783e+25
0.17 -1.54221e+25
0.18 1.33221e+25
0.19 -1.12532e+25
0.2 9.29249e+24
0.21 -7.50978e+24
0.22 5.95953e+24
0.23 -4.67451e+24
0.24 3.66343e+24
0.25 -2.91266e+24
0.26 2.39108e+24
0.27 -2.05686e+24
0.28 1.86438e+24
0.29 -1.77011e+24
0.3 1.73665e+24
0.31 -1.73489e+24
0.32 1.74454e+24
0.33 -1.7534e+24
0.34 1.75593e+24
0.35 -1.75127e+24
0.36 1.74094e+24
0.37 -1.72667e+24
0.38 1.70848e+24
0.39 -1.68344e+24
0.4 1.64532e+24
0.41 -1.58513e+24
0.42 1.49233e+24
0.43 -1.3563e+24
0.44 1.16766e+24
0.45 -9.19035e+23
0.46 6.0533e+23
0.47 -2.23605e+23
0.48 -2.27115e+23
0.49 7.4573e+23
0.5 -1.3285e+24
0.51 1.96809e+24
0.52 -2.65253e+24
0.53 3.36452e+24
0.54 -4.08153e+24
0.55 4.77682e+24
0.56 -5.42149e+24
0.57 5.98698e+24
0.58 -6.44764e+24
0.59 6.78282e+24
0.6 -6.97805e+24
0.61 7.02527e+24
0.62 -6.9224e+24
0.63 6.67248e+24
0.64 -6.28288e+24
0.65 5.76465e+24
0.66 -5.13191e+24
0.67 4.40099e+24
0.68 -3.58902e+24
0.69 2.7118e+24
0.7 -1.78127e+24
0.71 8.03234e+23
0.72 2.23778e+23
0.73 -1.30762e+24
0.74 2.45925e+24
0.75 -3.6873e+24
0.76 4.9915e+24
0.77 -6.3565e+24
0.78 7.74804e+24
0.79 -9.11269e+24
0.8 1.0382e+25
0.81 -1.14809e+25
0.82 1.23383e+25
0.83 -1.28989e+25
0.84 1.31328e+25
0.85 -1.30423e+25
0.86 1.26636e+25
0.87 -1.20639e+25
0.88 1.13356e+25
0.89 -1.05862e+25
0.9 9.92857e+24
0.91 -9.47003e+24
0.92 9.30268e+24
0.93 -9.4948e+24
0.94 1.00844e+25
0.95 -1.1075e+25
0.96 1.24348e+25
0.97 -1.40996e+25
0.98 1.59789e+25
0.99 -1.79661e+25
