1.00000000
0.99684774
0.99370542
0.99057301
0.98745047
0.98433777
0.98123489
0.97814178
0.97505843
0.97198480
0.96892085
0.96586656
0.96282190
0.95978684
0.95676135
0.95374539
0.95073894
0.94774197
0.94475444
0.94177634
0.93880762
0.93584825
0.93289822
0.92995749
0.92702602
0.92410380
0.92119078
0.91828696
0.91539228
0.91250673
0.90963027
0.90676289
0.90390454
0.90105520
0.89821484
0.89538344
0.89256096
0.88974738
0.88694267
0.88414680
0.88135974
0.87858147
0.87581195
0.87305117
0.87029909
0.86755568
0.86482092
0.86209479
0.85937724
0.85666827
0.85396783
0.85127590
0.84859246
0.84591748
0.84325093
0.84059279
0.83794303
0.83530161
0.83266853
0.83004374
0.82742723
0.82481897
0.82221893
0.81962709
0.81704341
0.81446788
0.81190047
0.80934115
0.80678990
0.80424669
0.80171150
0.79918430
0.79666507
0.79415377
0.79165040
0.78915491
0.78666729
0.78418752
0.78171556
0.77925139
0.77679499
0.77434633
0.77190539
0.76947215
0.76704658
0.76462865
0.76221834
0.75981564
0.75742050
0.75503292
0.75265286
0.75028031
0.74791523
0.74555761
0.74320742
0.74086464
0.73852925
0.73620121
0.73388052
0.73156714
0.72926105
0.72696223
0.72467066
0.72238631
0.72010917
0.71783920
0.71557639
0.71332070
0.71107214
0.70883065
0.70659624
0.70436887
0.70214851
0.69993516
0.69772879
0.69552937
0.69333688
0.69115130
0.68897262
0.68680080
0.68463583
0.68247768
0.68032634
0.67818177
0.67604397
0.67391291
0.67178856
0.66967091
0.66755994
0.66545562
0.66335793
0.66126685
0.65918237
0.65710446
0.65503310
0.65296827
0.65090994
0.64885811
0.64681274
0.64477382
0.64274133
0.64071524
0.63869554
0.63668221
0.63467523
0.63267457
0.63068022
0.62869215
0.62671035
0.62473480
0.62276548
0.62080236
0.61884543
0.61689467
0.61495006
0.61301158
0.61107921
0.60915293
0.60723273
0.60531857
0.60341045
0.60150835
0.59961224
0.59772211
0.59583794
0.59395970
0.59208739
0.59022098
0.58836045
0.58650579
0.58465697
0.58281398
0.58097680
0.57914541
0.57731980
0.57549994
0.57368582
0.57187741
0.57007471
0.56827769
0.56648633
0.56470062
0.56292054
0.56114607
0.55937719
0.55761389
0.55585615
0.55410395
0.55235727
0.55061610
0.54888042
0.54715020
0.54542545
0.54370613
0.54199222
0.54028373
0.53858061
0.53688287
0.53519048
0.53350342
0.53182168
0.53014524
0.52847409
0.52680820
0.52514757
0.52349217
0.52184199
0.52019701
0.51855721
0.51692259
0.51529311
0.51366878
0.51204956
0.51043545
0.50882643
0.50722248
0.50562358
0.50402973
0.50244090
0.50085707
0.49927824
0.49770439
0.49613550
0.49457155
0.49301254
0.49145843
0.48990923
0.48836491
0.48682546
0.48529086
0.48376110
0.48223616
0.48071603
0.47920069
0.47769013
0.47618432
0.47468327
0.47318695
0.47169534
0.47020843
0.46872622
0.46724867
0.46577578
0.46430754
0.46284392
0.46138492
0.45993052
0.45848070
0.45703545
0.45559476
0.45415860
