1.00000000
0.99559637
0.99122302
0.98687958
0.98256568
0.97828097
0.97402509
0.96979769
0.96559845
0.96142703
0.95728310
0.95316635
0.94907647
0.94501314
0.94097607
0.93696496
0.93297952
0.92901946
0.92508451
0.92117439
0.91728883
0.91342756
0.90959033
0.90577687
0.90198694
0.89822029
0.89447667
0.89075584
0.88705757
0.88338162
0.87972777
0.87609579
0.87248546
0.86889656
0.86532887
0.86178219
0.85825630
0.85475099
0.85126607
0.84780133
0.84435657
0.84093160
0.83752623
0.83414026
0.83077350
0.82742577
0.82409689
0.82078668
0.81749495
0.81422152
0.81096623
0.80772890
0.80450936
0.80130744
0.79812298
0.79495580
0.79180575
0.78867267
0.78555639
0.78245677
0.77937364
0.77630685
0.77325625
0.77022169
0.76720303
0.76420012
0.76121281
0.75824096
0.75528443
0.75234309
0.74941679
0.74650541
0.74360880
0.74072684
0.73785939
0.73500633
0.73216754
0.72934287
0.72653223
0.72373547
0.72095248
0.71818314
0.71542734
0.71268496
0.70995589
0.70724001
0.70453721
0.70184738
0.69917041
0.69650621
0.69385465
0.69121565
0.68858909
0.68597488
0.68337291
0.68078309
0.67820532
0.67563951
0.67308555
0.67054337
0.66801285
0.66549393
0.66298649
0.66049047
0.65800576
0.65553228
0.65306996
0.65061870
0.64817842
0.64574904
0.64333048
0.64092266
0.63852551
0.63613894
0.63376288
0.63139725
0.62904198
0.62669700
0.62436223
0.62203760
0.61972304
0.61741849
0.61512386
0.61283910
0.61056414
0.60829891
0.60604335
0.60379738
0.60156096
0.59933400
0.59711646
0.59490827
0.59270938
0.59051971
0.58833921
0.58616782
0.58400549
0.58185215
0.57970776
0.57757225
0.57544557
0.57332767
0.57121848
0.56911797
0.56702607
0.56494274
0.56286791
0.56080155
0.55874360
0.55669401
0.55465273
0.55261972
0.55059492
0.54857829
0.54656978
0.54456935
0.54257694
0.54059252
0.53861603
0.53664744
0.53468670
0.53273377
0.53078859
0.52885114
0.52692136
0.52499923
0.52308468
0.52117769
0.51927821
0.51738621
0.51550164
0.51362446
0.51175464
0.50989213
0.50803690
0.50618891
0.50434813
0.50251451
0.50068802
0.49886862
0.49705627
0.49525095
0.49345262
0.49166123
0.48987676
0.48809917
0.48632843
0.48456450
0.48280735
0.48105694
0.47931325
0.47757624
0.47584588
0.47412213
0.47240497
0.47069436
0.46899027
0.46729267
0.46560153
0.46391682
0.46223851
0.46056657
0.45890097
0.45724167
0.45558866
0.45394190
0.45230136
0.45066702
0.44903884
0.44741679
0.44580086
0.44419101
0.44258721
0.44098944
0.43939767
0.43781187
0.43623202
0.43465809
0.43309005
0.43152787
0.42997154
0.42842103
0.42687630
0.42533734
0.42380412
0.42227662
0.42075480
0.41923865
0.41772814
0.41622325
0.41472394
0.41323021
0.41174202
0.41025935
0.40878218
0.40731048
0.40584423
0.40438341
0.40292799
0.40147796
0.40003329
0.39859395
0.39715992
0.39573119
0.39430773
0.39288952
0.39147653
0.39006875
0.38866615
0.38726872
0.38587642
