1.00000000
0.99434967
0.98875904
0.98322694
0.97775225
0.97233388
0.96697076
0.96166187
0.95640620
0.95120280
0.94605071
0.94094903
0.93589686
0.93089334
0.92593764
0.92102892
0.91616640
0.91134930
0.90657687
0.90184836
0.89716307
0.89252029
0.88791934
0.88335956
0.87884029
0.87436091
0.86992079
0.86551932
0.86115592
0.85683001
0.85254101
0.84828838
0.84407156
0.83989004
0.83574327
0.83163076
0.82755200
0.82350649
0.81949376
0.81551333
0.81156472
0.80764750
0.80376119
0.79990537
0.79607960
0.79228345
0.78851651
0.78477835
0.78106859
0.77738681
0.77373263
0.77010567
0.76650554
0.76293188
0.75938432
0.75586251
0.75236608
0.74889471
0.74544803
0.74202574
0.73862748
0.73525295
0.73190182
0.72857379
0.72526855
0.72198580
0.71872524
0.71548659
0.71226956
0.70907387
0.70589926
0.70274544
0.69961216
0.69649916
0.69340618
0.69033297
0.68727929
0.68424490
0.68122955
0.67823303
0.67525509
0.67229552
0.66935410
0.66643061
0.66352484
0.66063659
0.65776564
0.65491180
0.65207487
0.64925466
0.64645098
0.64366364
0.64089246
0.63813727
0.63539788
0.63267413
0.62996584
0.62727285
0.62459499
0.62193211
0.61928404
0.61665063
0.61403173
0.61142719
0.60883686
0.60626060
0.60369827
0.60114972
0.59861483
0.59609345
0.59358546
0.59109072
0.58860912
0.58614051
0.58368479
0.58124182
0.57881150
0.57639370
0.57398830
0.57159520
0.56921429
0.56684545
0.56448859
0.56214358
0.55981033
0.55748874
0.55517871
0.55288013
0.55059291
0.54831696
0.54605217
0.54379847
0.54155575
0.53932393
0.53710292
0.53489262
0.53269297
0.53050386
0.52832523
0.52615698
0.52399903
0.52185132
0.51971375
0.51758625
0.51546875
0.51336117
0.51126344
0.50917548
0.50709723
0.50502861
0.50296955
0.50091999
0.49887986
0.49684909
0.49482761
0.49281536
0.49081228
0.48881831
0.48683337
0.48485742
0.48289038
0.48093221
0.47898283
0.47704220
0.47511026
0.47318694
0.47127220
0.46936597
0.46746821
0.46557885
0.46369786
0.46182516
0.45996072
0.45810448
0.45625639
0.45441639
0.45258445
0.45076051
0.44894453
0.44713644
0.44533622
0.44354381
0.44175916
0.43998224
0.43821299
0.43645137
0.43469734
0.43295084
0.43121185
0.42948032
0.42775620
0.42603946
0.42433004
0.42262792
0.42093305
0.41924539
0.41756490
0.41589154
0.41422527
0.41256606
0.41091387
0.40926865
0.40763037
0.40599900
0.40437450
0.40275683
0.40114596
0.39954184
0.39794445
0.39635375
0.39476971
0.39319229
0.39162145
0.39005717
0.38849941
0.38694814
0.38540332
0.38386492
0.38233291
0.38080726
0.37928794
0.37777491
0.37626814
0.37476761
0.37327328
0.37178513
0.37030311
0.36882721
0.36735739
0.36589362
0.36443587
0.36298413
0.36153834
0.36009850
0.35866456
0.35723651
0.35581431
0.35439793
0.35298736
0.35158255
0.35018350
0.34879015
0.34740250
0.34602052
0.34464417
0.34327343
0.34190828
0.34054870
0.33919464
0.33784610
0.33650304
