0.00000000 0.00000000 0.20000000
0.00000000 0.02000000 0.20000000
0.00000000 0.04000000 0.20000000
0.00000000 0.06000000 0.20000000
0.00000000 0.08000000 0.20000000
0.00000000 0.10000000 0.20000000
0.00000000 0.12000000 0.20000000
0.00000000 0.14000000 0.20000000
0.00000000 0.16000000 0.20000000
0.00000000 0.18000000 0.20000000
0.00000000 0.20000000 0.20000000
0.00000000 0.22000000 0.20000000
0.00000000 0.24000000 0.20000000
0.00000000 0.26000000 0.20000000
0.00000000 0.28000000 0.20000000
0.00000000 0.30000000 0.20000000
0.00000000 0.32000000 0.20000000
0.00000000 0.34000000 0.20000000
0.00000000 0.36000000 0.20000000
0.00000000 0.38000000 0.20000000
0.00000000 0.40000000 0.20000000
0.00000000 0.42000000 0.20000000
0.00000000 0.44000000 0.20000000
0.00000000 0.46000000 0.20000000
0.00000000 0.48000000 0.20000000
0.00000000 0.50000000 0.20000000
0.00000000 0.52000000 0.20000000
0.00000000 0.54000000 0.20000000
0.00000000 0.56000000 0.20000000
0.00000000 0.58000000 0.20000000
0.00000000 0.60000000 0.20000000
0.00000000 0.62000000 0.20000000
0.00000000 0.64000000 0.20000000
0.00000000 0.66000000 0.20000000
0.00000000 0.68000000 0.20000000
0.00000000 0.70000000 0.20000000
0.00000000 0.72000000 0.20000000
0.00000000 0.74000000 0.20000000
0.00000000 0.76000000 0.20000000
0.00000000 0.78000000 0.20000000
0.00000000 0.80000000 0.20000000
0.00000000 0.82000000 0.20000000
0.00000000 0.84000000 0.20000000
0.00000000 0.86000000 0.20000000
0.00000000 0.88000000 0.20000000
0.00000000 0.90000000 0.20000000
0.00000000 0.92000000 0.20000000
0.00000000 0.94000000 0.20000000
0.00000000 0.96000000 0.20000000
0.00000000 0.98000000 0.20000000
0.00000000 1.00000000 0.20000000
0.02000000 0.00000000 0.20000000
0.02000000 0.02000000 0.20031541
0.02000000 0.04000000 0.20062958
0.02000000 0.06000000 0.20094126
0.02000000 0.08000000 0.20124923
0.02000000 0.10000000 0.20155227
0.02000000 0.12000000 0.20184918
0.02000000 0.14000000 0.20213879
0.02000000 0.16000000 0.20241997
0.02000000 0.18000000 0.20269159
0.02000000 0.20000000 0.20295259
0.02000000 0.22000000 0.20320193
0.02000000 0.24000000 0.20343865
0.02000000 0.26000000 0.20366179
0.02000000 0.28000000 0.20387047
0.02000000 0.30000000 0.20406389
0.02000000 0.32000000 0.20424126
0.02000000 0.34000000 0.20440190
0.02000000 0.36000000 0.20454516
0.02000000 0.38000000 0.20467049
0.02000000 0.40000000 0.20477739
0.02000000 0.42000000 0.20486543
0.02000000 0.44000000 0.20493427
0.02000000 0.46000000 0.20498363
0.02000000 0.48000000 0.20501333
0.02000000 0.50000000 0.20502324
0.02000000 0.52000000 0.20501333
0.02000000 0.54000000 0.20498363
0.02000000 0.56000000 0.20493427
0.02000000 0.58000000 0.20486543
0.02000000 0.60000000 0.20477739
0.02000000 0.62000000 0.20467049
0.02000000 0.64000000 0.20454516
0.02000000 0.66000000 0.20440190
0.02000000 0.68000000 0.20424126
0.02000000 0.70000000 0.20406389
0.02000000 0.72000000 0.20387047
0.02000000 0.74000000 0.20366179
0.02000000 0.76000000 0.20343865
0.02000000 0.78000000 0.20320193
0.02000000 0.80000000 0.20295259
0.02000000 0.82000000 0.20269159
0.02000000 0.84000000 0.20241997
0.02000000 0.86000000 0.20213879
0.02000000 0.88000000 0.20184918
0.02000000 0.90000000 0.20155227
0.02000000 0.92000000 0.20124923
0.02000000 0.94000000 0.20094126
0.02000000 0.96000000 0.20062958
0.02000000 0.98000000 0.20031541
0.02000000 1.00000000 0.20000000
0.04000000 0.00000000 0.20000000
0.04000000 0.02000000 0.20062958
0.04000000 0.04000000 0.20125667
0.04000000 0.06000000 0.20187881
0.04000000 0.08000000 0.20249353
0.04000000 0.10000000 0.20309841
0.04000000 0.12000000 0.20369106
0.04000000 0.14000000 0.20426914
0.04000000 0.16000000 0.20483038
0.04000000 0.18000000 0.20537255
0.04000000 0.20000000 0.20589352
0.04000000 0.22000000 0.20639123
0.04000000 0.24000000 0.20686372
0.04000000 0.26000000 0.20730912
0.04000000 0.28000000 0.20772567
0.04000000 0.30000000 0.20811174
0.04000000 0.32000000 0.20846579
0.04000000 0.34000000 0.20878643
0.04000000 0.36000000 0.20907239
0.04000000 0.38000000 0.20932255
0.04000000 0.40000000 0.20953592
0.04000000 0.42000000 0.20971165
0.04000000 0.44000000 0.20984906
0.04000000 0.46000000 0.20994760
0.04000000 0.48000000 0.21000687
0.04000000 0.50000000 0.21002666
0.04000000 0.52000000 0.21000687
0.04000000 0.54000000 0.20994760
0.04000000 0.56000000 0.20984906
0.04000000 0.58000000 0.20971165
0.04000000 0.60000000 0.20953592
0.04000000 0.62000000 0.20932255
0.04000000 0.64000000 0.20907239
0.04000000 0.66000000 0.20878643
0.04000000 0.68000000 0.20846579
0.04000000 0.70000000 0.20811174
0.04000000 0.72000000 0.20772567
0.04000000 0.74000000 0.20730912
0.04000000 0.76000000 0.20686372
0.04000000 0.78000000 0.20639123
0.04000000 0.80000000 0.20589352
0.04000000 0.82000000 0.20537255
0.04000000 0.84000000 0.20483038
0.04000000 0.86000000 0.20426914
0.04000000 0.88000000 0.20369106
0.04000000 0.90000000 0.20309841
0.04000000 0.92000000 0.20249353
0.04000000 0.94000000 0.20187881
0.04000000 0.96000000 0.20125667
0.04000000 0.98000000 0.20062958
0.04000000 1.00000000 0.20000000
0.06000000 0.00000000 0.20000000
0.06000000 0.02000000 0.20094126
0.06000000 0.04000000 0.20187881
0.06000000 0.06000000 0.20280894
0.06000000 0.08000000 0.20372799
0.06000000 0.10000000 0.20463232
0.06000000 0.12000000 0.20551837
0.06000000 0.14000000 0.20638265
0.06000000 0.16000000 0.20722173
0.06000000 0.18000000 0.20803231
0.06000000 0.20000000 0.20881120
0.06000000 0.22000000 0.20955531
0.06000000 0.24000000 0.21026171
0.06000000 0.26000000 0.21092761
0.06000000 0.28000000 0.21155038
0.06000000 0.30000000 0.21212757
0.06000000 0.32000000 0.21265690
0.06000000 0.34000000 0.21313628
0.06000000 0.36000000 0.21356381
0.06000000 0.38000000 0.21393782
0.06000000 0.40000000 0.21425682
0.06000000 0.42000000 0.21451955
0.06000000 0.44000000 0.21472498
0.06000000 0.46000000 0.21487230
0.06000000 0.48000000 0.21496092
0.06000000 0.50000000 0.21499051
0.06000000 0.52000000 0.21496092
0.06000000 0.54000000 0.21487230
0.06000000 0.56000000 0.21472498
0.06000000 0.58000000 0.21451955
0.06000000 0.60000000 0.21425682
0.06000000 0.62000000 0.21393782
0.06000000 0.64000000 0.21356381
0.06000000 0.66000000 0.21313628
0.06000000 0.68000000 0.21265690
0.06000000 0.70000000 0.21212757
0.06000000 0.72000000 0.21155038
0.06000000 0.74000000 0.21092761
0.06000000 0.76000000 0.21026171
0.06000000 0.78000000 0.20955531
0.06000000 0.80000000 0.20881120
0.06000000 0.82000000 0.20803231
0.06000000 0.84000000 0.20722173
0.06000000 0.86000000 0.20638265
0.06000000 0.88000000 0.20551837
0.06000000 0.90000000 0.20463232
0.06000000 0.92000000 0.20372799
0.06000000 0.94000000 0.20280894
0.06000000 0.96000000 0.20187881
0.06000000 0.98000000 0.20094126
0.06000000 1.00000000 0.20000000
0.08000000 0.00000000 0.20000000
0.08000000 0.02000000 0.20124923
0.08000000 0.04000000 0.20249353
0.08000000 0.06000000 0.20372799
0.08000000 0.08000000 0.20494773
0.08000000 0.10000000 0.20614795
0.08000000 0.12000000 0.20732391
0.08000000 0.14000000 0.20847096
0.08000000 0.16000000 0.20958458
0.08000000 0.18000000 0.21066038
0.08000000 0.20000000 0.21169410
0.08000000 0.22000000 0.21268167
0.08000000 0.24000000 0.21361920
0.08000000 0.26000000 0.21450297
0.08000000 0.28000000 0.21532951
0.08000000 0.30000000 0.21609555
0.08000000 0.32000000 0.21679807
0.08000000 0.34000000 0.21743429
0.08000000 0.36000000 0.21800171
0.08000000 0.38000000 0.21849808
0.08000000 0.40000000 0.21892145
0.08000000 0.42000000 0.21927015
0.08000000 0.44000000 0.21954279
0.08000000 0.46000000 0.21973831
0.08000000 0.48000000 0.21985593
0.08000000 0.50000000 0.21989519
0.08000000 0.52000000 0.21985593
0.08000000 0.54000000 0.21973831
0.08000000 0.56000000 0.21954279
0.08000000 0.58000000 0.21927015
0.08000000 0.60000000 0.21892145
0.08000000 0.62000000 0.21849808
0.08000000 0.64000000 0.21800171
0.08000000 0.66000000 0.21743429
0.08000000 0.68000000 0.21679807
0.08000000 0.70000000 0.21609555
0.08000000 0.72000000 0.21532951
0.08000000 0.74000000 0.21450297
0.08000000 0.76000000 0.21361920
0.08000000 0.78000000 0.21268167
0.08000000 0.80000000 0.21169410
0.08000000 0.82000000 0.21066038
0.08000000 0.84000000 0.20958458
0.08000000 0.86000000 0.20847096
0.08000000 0.88000000 0.20732391
0.08000000 0.90000000 0.20614795
0.08000000 0.92000000 0.20494773
0.08000000 0.94000000 0.20372799
0.08000000 0.96000000 0.20249353
0.08000000 0.98000000 0.20124923
0.08000000 1.00000000 0.20000000
0.10000000 0.00000000 0.20000000
0.10000000 0.02000000 0.20155227
0.10000000 0.04000000 0.20309841
0.10000000 0.06000000 0.20463232
0.10000000 0.08000000 0.20614795
0.10000000 0.10000000 0.20763932
0.10000000 0.12000000 0.20910054
0.10000000 0.14000000 0.21052584
0.10000000 0.16000000 0.21190961
0.10000000 0.18000000 0.21324637
0.10000000 0.20000000 0.21453085
0.10000000 0.22000000 0.21575799
0.10000000 0.24000000 0.21692294
0.10000000 0.26000000 0.21802110
0.10000000 0.28000000 0.21904813
0.10000000 0.30000000 0.22000000
0.10000000 0.32000000 0.22087293
0.10000000 0.34000000 0.22166349
0.10000000 0.36000000 0.22236855
0.10000000 0.38000000 0.22298534
0.10000000 0.40000000 0.22351141
0.10000000 0.42000000 0.22394469
0.10000000 0.44000000 0.22428348
0.10000000 0.46000000 0.22452642
0.10000000 0.48000000 0.22467258
0.10000000 0.50000000 0.22472136
0.10000000 0.52000000 0.22467258
0.10000000 0.54000000 0.22452642
0.10000000 0.56000000 0.22428348
0.10000000 0.58000000 0.22394469
0.10000000 0.60000000 0.22351141
0.10000000 0.62000000 0.22298534
0.10000000 0.64000000 0.22236855
0.10000000 0.66000000 0.22166349
0.10000000 0.68000000 0.22087293
0.10000000 0.70000000 0.22000000
0.10000000 0.72000000 0.21904813
0.10000000 0.74000000 0.21802110
0.10000000 0.76000000 0.21692294
0.10000000 0.78000000 0.21575799
0.10000000 0.80000000 0.21453085
0.10000000 0.82000000 0.21324637
0.10000000 0.84000000 0.21190961
0.10000000 0.86000000 0.21052584
0.10000000 0.88000000 0.20910054
0.10000000 0.90000000 0.20763932
0.10000000 0.92000000 0.20614795
0.10000000 0.94000000 0.20463232
0.10000000 0.96000000 0.20309841
0.10000000 0.98000000 0.20155227
0.10000000 1.00000000 0.20000000
0.12000000 0.00000000 0.20000000
0.12000000 0.02000000 0.20184918
0.12000000 0.04000000 0.20369106
0.12000000 0.06000000 0.20551837
0.12000000 0.08000000 0.20732391
0.12000000 0.10000000 0.20910054
0.12000000 0.12000000 0.21084125
0.12000000 0.14000000 0.21253918
0.12000000 0.16000000 0.21418763
0.12000000 0.18000000 0.21578008
0.12000000 0.20000000 0.21731025
0.12000000 0.22000000 0.21877211
0.12000000 0.24000000 0.22015989
0.12000000 0.26000000 0.22146810
0.12000000 0.28000000 0.22269159
0.12000000 0.30000000 0.22382552
0.12000000 0.32000000 0.22486543
0.12000000 0.34000000 0.22580720
0.12000000 0.36000000 0.22664712
0.12000000 0.38000000 0.22738188
0.12000000 0.40000000 0.22800858
0.12000000 0.42000000 0.22852474
0.12000000 0.44000000 0.22892832
0.12000000 0.46000000 0.22921774
0.12000000 0.48000000 0.22939185
0.12000000 0.50000000 0.22944996
0.12000000 0.52000000 0.22939185
0.12000000 0.54000000 0.22921774
0.12000000 0.56000000 0.22892832
0.12000000 0.58000000 0.22852474
0.12000000 0.60000000 0.22800858
0.12000000 0.62000000 0.22738188
0.12000000 0.64000000 0.22664712
0.12000000 0.66000000 0.22580720
0.12000000 0.68000000 0.22486543
0.12000000 0.70000000 0.22382552
0.12000000 0.72000000 0.22269159
0.12000000 0.74000000 0.22146810
0.12000000 0.76000000 0.22015989
0.12000000 0.78000000 0.21877211
0.12000000 0.80000000 0.21731025
0.12000000 0.82000000 0.21578008
0.12000000 0.84000000 0.21418763
0.12000000 0.86000000 0.21253918
0.12000000 0.88000000 0.21084125
0.12000000 0.90000000 0.20910054
0.12000000 0.92000000 0.20732391
0.12000000 0.94000000 0.20551837
0.12000000 0.96000000 0.20369106
0.12000000 0.98000000 0.20184918
0.12000000 1.00000000 0.20000000
0.14000000 0.00000000 0.20000000
0.14000000 0.02000000 0.20213879
0.14000000 0.04000000 0.20426914
0.14000000 0.06000000 0.20638265
0.14000000 0.08000000 0.20847096
0.14000000 0.10000000 0.21052584
0.14000000 0.12000000 0.21253918
0.14000000 0.14000000 0.21450304
0.14000000 0.16000000 0.21640966
0.14000000 0.18000000 0.21825152
0.14000000 0.20000000 0.22002134
0.14000000 0.22000000 0.22171215
0.14000000 0.24000000 0.22331728
0.14000000 0.26000000 0.22483038
0.14000000 0.28000000 0.22624549
0.14000000 0.30000000 0.22755701
0.14000000 0.32000000 0.22875979
0.14000000 0.34000000 0.22984906
0.14000000 0.36000000 0.23082053
0.14000000 0.38000000 0.23167037
0.14000000 0.40000000 0.23239521
0.14000000 0.42000000 0.23299221
0.14000000 0.44000000 0.23345901
0.14000000 0.46000000 0.23379375
0.14000000 0.48000000 0.23399513
0.14000000 0.50000000 0.23406234
0.14000000 0.52000000 0.23399513
0.14000000 0.54000000 0.23379375
0.14000000 0.56000000 0.23345901
0.14000000 0.58000000 0.23299221
0.14000000 0.60000000 0.23239521
0.14000000 0.62000000 0.23167037
0.14000000 0.64000000 0.23082053
0.14000000 0.66000000 0.22984906
0.14000000 0.68000000 0.22875979
0.14000000 0.70000000 0.22755701
0.14000000 0.72000000 0.22624549
0.14000000 0.74000000 0.22483038
0.14000000 0.76000000 0.22331728
0.14000000 0.78000000 0.22171215
0.14000000 0.80000000 0.22002134
0.14000000 0.82000000 0.21825152
0.14000000 0.84000000 0.21640966
0.14000000 0.86000000 0.21450304
0.14000000 0.88000000 0.21253918
0.14000000 0.90000000 0.21052584
0.14000000 0.92000000 0.20847096
0.14000000 0.94000000 0.20638265
0.14000000 0.96000000 0.20426914
0.14000000 0.98000000 0.20213879
0.14000000 1.00000000 0.20000000
0.16000000 0.00000000 0.20000000
0.16000000 0.02000000 0.20241997
0.16000000 0.04000000 0.20483038
0.16000000 0.06000000 0.20722173
0.16000000 0.08000000 0.20958458
0.16000000 0.10000000 0.21190961
0.16000000 0.12000000 0.21418763
0.16000000 0.14000000 0.21640966
0.16000000 0.16000000 0.21856693
0.16000000 0.18000000 0.22065092
0.16000000 0.20000000 0.22265342
0.16000000 0.22000000 0.22456651
0.16000000 0.24000000 0.22638265
0.16000000 0.26000000 0.22809467
0.16000000 0.28000000 0.22969581
0.16000000 0.30000000 0.23117975
0.16000000 0.32000000 0.23254065
0.16000000 0.34000000 0.23377312
0.16000000 0.36000000 0.23487230
0.16000000 0.38000000 0.23583386
0.16000000 0.40000000 0.23665400
0.16000000 0.42000000 0.23732948
0.16000000 0.44000000 0.23785764
0.16000000 0.46000000 0.23823639
0.16000000 0.48000000 0.23846424
0.16000000 0.50000000 0.23854029
0.16000000 0.52000000 0.23846424
0.16000000 0.54000000 0.23823639
0.16000000 0.56000000 0.23785764
0.16000000 0.58000000 0.23732948
0.16000000 0.60000000 0.23665400
0.16000000 0.62000000 0.23583386
0.16000000 0.64000000 0.23487230
0.16000000 0.66000000 0.23377312
0.16000000 0.68000000 0.23254065
0.16000000 0.70000000 0.23117975
0.16000000 0.72000000 0.22969581
0.16000000 0.74000000 0.22809467
0.16000000 0.76000000 0.22638265
0.16000000 0.78000000 0.22456651
0.16000000 0.80000000 0.22265342
0.16000000 0.82000000 0.22065092
0.16000000 0.84000000 0.21856693
0.16000000 0.86000000 0.21640966
0.16000000 0.88000000 0.21418763
0.16000000 0.90000000 0.21190961
0.16000000 0.92000000 0.20958458
0.16000000 0.94000000 0.20722173
0.16000000 0.96000000 0.20483038
0.16000000 0.98000000 0.20241997
0.16000000 1.00000000 0.20000000
0.18000000 0.00000000 0.20000000
0.18000000 0.02000000 0.20269159
0.18000000 0.04000000 0.20537255
0.18000000 0.06000000 0.20803231
0.18000000 0.08000000 0.21066038
0.18000000 0.10000000 0.21324637
0.18000000 0.12000000 0.21578008
0.18000000 0.14000000 0.21825152
0.18000000 0.16000000 0.22065092
0.18000000 0.18000000 0.22296883
0.18000000 0.20000000 0.22519609
0.18000000 0.22000000 0.22732391
0.18000000 0.24000000 0.22934389
0.18000000 0.26000000 0.23124807
0.18000000 0.28000000 0.23302893
0.18000000 0.30000000 0.23467944
0.18000000 0.32000000 0.23619308
0.18000000 0.34000000 0.23756389
0.18000000 0.36000000 0.23878645
0.18000000 0.38000000 0.23985593
0.18000000 0.40000000 0.24076813
0.18000000 0.42000000 0.24151942
0.18000000 0.44000000 0.24210687
0.18000000 0.46000000 0.24252813
0.18000000 0.48000000 0.24278156
0.18000000 0.50000000 0.24286614
0.18000000 0.52000000 0.24278156
0.18000000 0.54000000 0.24252813
0.18000000 0.56000000 0.24210687
0.18000000 0.58000000 0.24151942
0.18000000 0.60000000 0.24076813
0.18000000 0.62000000 0.23985593
0.18000000 0.64000000 0.23878645
0.18000000 0.66000000 0.23756389
0.18000000 0.68000000 0.23619308
0.18000000 0.70000000 0.23467944
0.18000000 0.72000000 0.23302893
0.18000000 0.74000000 0.23124807
0.18000000 0.76000000 0.22934389
0.18000000 0.78000000 0.22732391
0.18000000 0.80000000 0.22519609
0.18000000 0.82000000 0.22296883
0.18000000 0.84000000 0.22065092
0.18000000 0.86000000 0.21825152
0.18000000 0.88000000 0.21578008
0.18000000 0.90000000 0.21324637
0.18000000 0.92000000 0.21066038
0.18000000 0.94000000 0.20803231
0.18000000 0.96000000 0.20537255
0.18000000 0.98000000 0.20269159
0.18000000 1.00000000 0.20000000
0.20000000 0.00000000 0.20000000
0.20000000 0.02000000 0.20295259
0.20000000 0.04000000 0.20589352
0.20000000 0.06000000 0.20881120
0.20000000 0.08000000 0.21169410
0.20000000 0.10000000 0.21453085
0.20000000 0.12000000 0.21731025
0.20000000 0.14000000 0.22002134
0.20000000 0.16000000 0.22265342
0.20000000 0.18000000 0.22519609
0.20000000 0.20000000 0.22763932
0.20000000 0.22000000 0.22997347
0.20000000 0.24000000 0.23218934
0.20000000 0.26000000 0.23427816
0.20000000 0.28000000 0.23623171
0.20000000 0.30000000 0.23804226
0.20000000 0.32000000 0.23970268
0.20000000 0.34000000 0.24120641
0.20000000 0.36000000 0.24254752
0.20000000 0.38000000 0.24372071
0.20000000 0.40000000 0.24472136
0.20000000 0.42000000 0.24554551
0.20000000 0.44000000 0.24618992
0.20000000 0.46000000 0.24665203
0.20000000 0.48000000 0.24693003
0.20000000 0.50000000 0.24702282
0.20000000 0.52000000 0.24693003
0.20000000 0.54000000 0.24665203
0.20000000 0.56000000 0.24618992
0.20000000 0.58000000 0.24554551
0.20000000 0.60000000 0.24472136
0.20000000 0.62000000 0.24372071
0.20000000 0.64000000 0.24254752
0.20000000 0.66000000 0.24120641
0.20000000 0.68000000 0.23970268
0.20000000 0.70000000 0.23804226
0.20000000 0.72000000 0.23623171
0.20000000 0.74000000 0.23427816
0.20000000 0.76000000 0.23218934
0.20000000 0.78000000 0.22997347
0.20000000 0.80000000 0.22763932
0.20000000 0.82000000 0.22519609
0.20000000 0.84000000 0.22265342
0.20000000 0.86000000 0.22002134
0.20000000 0.88000000 0.21731025
0.20000000 0.90000000 0.21453085
0.20000000 0.92000000 0.21169410
0.20000000 0.94000000 0.20881120
0.20000000 0.96000000 0.20589352
0.20000000 0.98000000 0.20295259
0.20000000 1.00000000 0.20000000
0.22000000 0.00000000 0.20000000
0.22000000 0.02000000 0.20320193
0.22000000 0.04000000 0.20639123
0.22000000 0.06000000 0.20955531
0.22000000 0.08000000 0.21268167
0.22000000 0.10000000 0.21575799
0.22000000 0.12000000 0.21877211
0.22000000 0.14000000 0.22171215
0.22000000 0.16000000 0.22456651
0.22000000 0.18000000 0.22732391
0.22000000 0.20000000 0.22997347
0.22000000 0.22000000 0.23250475
0.22000000 0.24000000 0.23490774
0.22000000 0.26000000 0.23717297
0.22000000 0.28000000 0.23929149
0.22000000 0.30000000 0.24125495
0.22000000 0.32000000 0.24305559
0.22000000 0.34000000 0.24468631
0.22000000 0.36000000 0.24614068
0.22000000 0.38000000 0.24741295
0.22000000 0.40000000 0.24849810
0.22000000 0.42000000 0.24939185
0.22000000 0.44000000 0.25009068
0.22000000 0.46000000 0.25059182
0.22000000 0.48000000 0.25089329
0.22000000 0.50000000 0.25099392
0.22000000 0.52000000 0.25089329
0.22000000 0.54000000 0.25059182
0.22000000 0.56000000 0.25009068
0.22000000 0.58000000 0.24939185
0.22000000 0.60000000 0.24849810
0.22000000 0.62000000 0.24741295
0.22000000 0.64000000 0.24614068
0.22000000 0.66000000 0.24468631
0.22000000 0.68000000 0.24305559
0.22000000 0.70000000 0.24125495
0.22000000 0.72000000 0.23929149
0.22000000 0.74000000 0.23717297
0.22000000 0.76000000 0.23490774
0.22000000 0.78000000 0.23250475
0.22000000 0.80000000 0.22997347
0.22000000 0.82000000 0.22732391
0.22000000 0.84000000 0.22456651
0.22000000 0.86000000 0.22171215
0.22000000 0.88000000 0.21877211
0.22000000 0.90000000 0.21575799
0.22000000 0.92000000 0.21268167
0.22000000 0.94000000 0.20955531
0.22000000 0.96000000 0.20639123
0.22000000 0.98000000 0.20320193
0.22000000 1.00000000 0.20000000
0.24000000 0.00000000 0.20000000
0.24000000 0.02000000 0.20343865
0.24000000 0.04000000 0.20686372
0.24000000 0.06000000 0.21026171
0.24000000 0.08000000 0.21361920
0.24000000 0.10000000 0.21692294
0.24000000 0.12000000 0.22015989
0.24000000 0.14000000 0.22331728
0.24000000 0.16000000 0.22638265
0.24000000 0.18000000 0.22934389
0.24000000 0.20000000 0.23218934
0.24000000 0.22000000 0.23490774
0.24000000 0.24000000 0.23748838
0.24000000 0.26000000 0.23992107
0.24000000 0.28000000 0.24219621
0.24000000 0.30000000 0.24430482
0.24000000 0.32000000 0.24623858
0.24000000 0.34000000 0.24798986
0.24000000 0.36000000 0.24955174
0.24000000 0.38000000 0.25091806
0.24000000 0.40000000 0.25208344
0.24000000 0.42000000 0.25304326
0.24000000 0.44000000 0.25379375
0.24000000 0.46000000 0.25433194
0.24000000 0.48000000 0.25465570
0.24000000 0.50000000 0.25476377
0.24000000 0.52000000 0.25465570
0.24000000 0.54000000 0.25433194
0.24000000 0.56000000 0.25379375
0.24000000 0.58000000 0.25304326
0.24000000 0.60000000 0.25208344
0.24000000 0.62000000 0.25091806
0.24000000 0.64000000 0.24955174
0.24000000 0.66000000 0.24798986
0.24000000 0.68000000 0.24623858
0.24000000 0.70000000 0.24430482
0.24000000 0.72000000 0.24219621
0.24000000 0.74000000 0.23992107
0.24000000 0.76000000 0.23748838
0.24000000 0.78000000 0.23490774
0.24000000 0.80000000 0.23218934
0.24000000 0.82000000 0.22934389
0.24000000 0.84000000 0.22638265
0.24000000 0.86000000 0.22331728
0.24000000 0.88000000 0.22015989
0.24000000 0.90000000 0.21692294
0.24000000 0.92000000 0.21361920
0.24000000 0.94000000 0.21026171
0.24000000 0.96000000 0.20686372
0.24000000 0.98000000 0.20343865
0.24000000 1.00000000 0.20000000
0.26000000 0.00000000 0.20000000
0.26000000 0.02000000 0.20366179
0.26000000 0.04000000 0.20730912
0.26000000 0.06000000 0.21092761
0.26000000 0.08000000 0.21450297
0.26000000 0.10000000 0.21802110
0.26000000 0.12000000 0.22146810
0.26000000 0.14000000 0.22483038
0.26000000 0.16000000 0.22809467
0.26000000 0.18000000 0.23124807
0.26000000 0.20000000 0.23427816
0.26000000 0.22000000 0.23717297
0.26000000 0.24000000 0.23992107
0.26000000 0.26000000 0.24251162
0.26000000 0.28000000 0.24493440
0.26000000 0.30000000 0.24717984
0.26000000 0.32000000 0.24923909
0.26000000 0.34000000 0.25110401
0.26000000 0.36000000 0.25276724
0.26000000 0.38000000 0.25422223
0.26000000 0.40000000 0.25546323
0.26000000 0.42000000 0.25648534
0.26000000 0.44000000 0.25728453
0.26000000 0.46000000 0.25785764
0.26000000 0.48000000 0.25820241
0.26000000 0.50000000 0.25831749
0.26000000 0.52000000 0.25820241
0.26000000 0.54000000 0.25785764
0.26000000 0.56000000 0.25728453
0.26000000 0.58000000 0.25648534
0.26000000 0.60000000 0.25546323
0.26000000 0.62000000 0.25422223
0.26000000 0.64000000 0.25276724
0.26000000 0.66000000 0.25110401
0.26000000 0.68000000 0.24923909
0.26000000 0.70000000 0.24717984
0.26000000 0.72000000 0.24493440
0.26000000 0.74000000 0.24251162
0.26000000 0.76000000 0.23992107
0.26000000 0.78000000 0.23717297
0.26000000 0.80000000 0.23427816
0.26000000 0.82000000 0.23124807
0.26000000 0.84000000 0.22809467
0.26000000 0.86000000 0.22483038
0.26000000 0.88000000 0.22146810
0.26000000 0.90000000 0.21802110
0.26000000 0.92000000 0.21450297
0.26000000 0.94000000 0.21092761
0.26000000 0.96000000 0.20730912
0.26000000 0.98000000 0.20366179
0.26000000 1.00000000 0.20000000
0.28000000 0.00000000 0.20000000
0.28000000 0.02000000 0.20387047
0.28000000 0.04000000 0.20772567
0.28000000 0.06000000 0.21155038
0.28000000 0.08000000 0.21532951
0.28000000 0.10000000 0.21904813
0.28000000 0.12000000 0.22269159
0.28000000 0.14000000 0.22624549
0.28000000 0.16000000 0.22969581
0.28000000 0.18000000 0.23302893
0.28000000 0.20000000 0.23623171
0.28000000 0.22000000 0.23929149
0.28000000 0.24000000 0.24219621
0.28000000 0.26000000 0.24493440
0.28000000 0.28000000 0.24749525
0.28000000 0.30000000 0.24986866
0.28000000 0.32000000 0.25204527
0.28000000 0.34000000 0.25401647
0.28000000 0.36000000 0.25577450
0.28000000 0.38000000 0.25731241
0.28000000 0.40000000 0.25862413
0.28000000 0.42000000 0.25970449
0.28000000 0.44000000 0.26054923
0.28000000 0.46000000 0.26115500
0.28000000 0.48000000 0.26151942
0.28000000 0.50000000 0.26164106
0.28000000 0.52000000 0.26151942
0.28000000 0.54000000 0.26115500
0.28000000 0.56000000 0.26054923
0.28000000 0.58000000 0.25970449
0.28000000 0.60000000 0.25862413
0.28000000 0.62000000 0.25731241
0.28000000 0.64000000 0.25577450
0.28000000 0.66000000 0.25401647
0.28000000 0.68000000 0.25204527
0.28000000 0.70000000 0.24986866
0.28000000 0.72000000 0.24749525
0.28000000 0.74000000 0.24493440
0.28000000 0.76000000 0.24219621
0.28000000 0.78000000 0.23929149
0.28000000 0.80000000 0.23623171
0.28000000 0.82000000 0.23302893
0.28000000 0.84000000 0.22969581
0.28000000 0.86000000 0.22624549
0.28000000 0.88000000 0.22269159
0.28000000 0.90000000 0.21904813
0.28000000 0.92000000 0.21532951
0.28000000 0.94000000 0.21155038
0.28000000 0.96000000 0.20772567
0.28000000 0.98000000 0.20387047
0.28000000 1.00000000 0.20000000
0.30000000 0.00000000 0.20000000
0.30000000 0.02000000 0.20406389
0.30000000 0.04000000 0.20811174
0.30000000 0.06000000 0.21212757
0.30000000 0.08000000 0.21609555
0.30000000 0.10000000 0.22000000
0.30000000 0.12000000 0.22382552
0.30000000 0.14000000 0.22755701
0.30000000 0.16000000 0.23117975
0.30000000 0.18000000 0.23467944
0.30000000 0.20000000 0.23804226
0.30000000 0.22000000 0.24125495
0.30000000 0.24000000 0.24430482
0.30000000 0.26000000 0.24717984
0.30000000 0.28000000 0.24986866
0.30000000 0.30000000 0.25236068
0.30000000 0.32000000 0.25464605
0.30000000 0.34000000 0.25671576
0.30000000 0.36000000 0.25856164
0.30000000 0.38000000 0.26017640
0.30000000 0.40000000 0.26155367
0.30000000 0.42000000 0.26268802
0.30000000 0.44000000 0.26357497
0.30000000 0.46000000 0.26421101
0.30000000 0.48000000 0.26459365
0.30000000 0.50000000 0.26472136
0.30000000 0.52000000 0.26459365
0.30000000 0.54000000 0.26421101
0.30000000 0.56000000 0.26357497
0.30000000 0.58000000 0.26268802
0.30000000 0.60000000 0.26155367
0.30000000 0.62000000 0.26017640
0.30000000 0.64000000 0.25856164
0.30000000 0.66000000 0.25671576
0.30000000 0.68000000 0.25464605
0.30000000 0.70000000 0.25236068
0.30000000 0.72000000 0.24986866
0.30000000 0.74000000 0.24717984
0.30000000 0.76000000 0.24430482
0.30000000 0.78000000 0.24125495
0.30000000 0.80000000 0.23804226
0.30000000 0.82000000 0.23467944
0.30000000 0.84000000 0.23117975
0.30000000 0.86000000 0.22755701
0.30000000 0.88000000 0.22382552
0.30000000 0.90000000 0.22000000
0.30000000 0.92000000 0.21609555
0.30000000 0.94000000 0.21212757
0.30000000 0.96000000 0.20811174
0.30000000 0.98000000 0.20406389
0.30000000 1.00000000 0.20000000
0.32000000 0.00000000 0.20000000
0.32000000 0.02000000 0.20424126
0.32000000 0.04000000 0.20846579
0.32000000 0.06000000 0.21265690
0.32000000 0.08000000 0.21679807
0.32000000 0.10000000 0.22087293
0.32000000 0.12000000 0.22486543
0.32000000 0.14000000 0.22875979
0.32000000 0.16000000 0.23254065
0.32000000 0.18000000 0.23619308
0.32000000 0.20000000 0.23970268
0.32000000 0.22000000 0.24305559
0.32000000 0.24000000 0.24623858
0.32000000 0.26000000 0.24923909
0.32000000 0.28000000 0.25204527
0.32000000 0.30000000 0.25464605
0.32000000 0.32000000 0.25703117
0.32000000 0.34000000 0.25919122
0.32000000 0.36000000 0.26111766
0.32000000 0.38000000 0.26280290
0.32000000 0.40000000 0.26424029
0.32000000 0.42000000 0.26542414
0.32000000 0.44000000 0.26634980
0.32000000 0.46000000 0.26701361
0.32000000 0.48000000 0.26741295
0.32000000 0.50000000 0.26754623
0.32000000 0.52000000 0.26741295
0.32000000 0.54000000 0.26701361
0.32000000 0.56000000 0.26634980
0.32000000 0.58000000 0.26542414
0.32000000 0.60000000 0.26424029
0.32000000 0.62000000 0.26280290
0.32000000 0.64000000 0.26111766
0.32000000 0.66000000 0.25919122
0.32000000 0.68000000 0.25703117
0.32000000 0.70000000 0.25464605
0.32000000 0.72000000 0.25204527
0.32000000 0.74000000 0.24923909
0.32000000 0.76000000 0.24623858
0.32000000 0.78000000 0.24305559
0.32000000 0.80000000 0.23970268
0.32000000 0.82000000 0.23619308
0.32000000 0.84000000 0.23254065
0.32000000 0.86000000 0.22875979
0.32000000 0.88000000 0.22486543
0.32000000 0.90000000 0.22087293
0.32000000 0.92000000 0.21679807
0.32000000 0.94000000 0.21265690
0.32000000 0.96000000 0.20846579
0.32000000 0.98000000 0.20424126
0.32000000 1.00000000 0.20000000
0.34000000 0.00000000 0.20000000
0.34000000 0.02000000 0.20440190
0.34000000 0.04000000 0.20878643
0.34000000 0.06000000 0.21313628
0.34000000 0.08000000 0.21743429
0.34000000 0.10000000 0.22166349
0.34000000 0.12000000 0.22580720
0.34000000 0.14000000 0.22984906
0.34000000 0.16000000 0.23377312
0.34000000 0.18000000 0.23756389
0.34000000 0.20000000 0.24120641
0.34000000 0.22000000 0.24468631
0.34000000 0.24000000 0.24798986
0.34000000 0.26000000 0.25110401
0.34000000 0.28000000 0.25401647
0.34000000 0.30000000 0.25671576
0.34000000 0.32000000 0.25919122
0.34000000 0.34000000 0.26143307
0.34000000 0.36000000 0.26343248
0.34000000 0.38000000 0.26518155
0.34000000 0.40000000 0.26667337
0.34000000 0.42000000 0.26790207
0.34000000 0.44000000 0.26886279
0.34000000 0.46000000 0.26955174
0.34000000 0.48000000 0.26996620
0.34000000 0.50000000 0.27010453
0.34000000 0.52000000 0.26996620
0.34000000 0.54000000 0.26955174
0.34000000 0.56000000 0.26886279
0.34000000 0.58000000 0.26790207
0.34000000 0.60000000 0.26667337
0.34000000 0.62000000 0.26518155
0.34000000 0.64000000 0.26343248
0.34000000 0.66000000 0.26143307
0.34000000 0.68000000 0.25919122
0.34000000 0.70000000 0.25671576
0.34000000 0.72000000 0.25401647
0.34000000 0.74000000 0.25110401
0.34000000 0.76000000 0.24798986
0.34000000 0.78000000 0.24468631
0.34000000 0.80000000 0.24120641
0.34000000 0.82000000 0.23756389
0.34000000 0.84000000 0.23377312
0.34000000 0.86000000 0.22984906
0.34000000 0.88000000 0.22580720
0.34000000 0.90000000 0.22166349
0.34000000 0.92000000 0.21743429
0.34000000 0.94000000 0.21313628
0.34000000 0.96000000 0.20878643
0.34000000 0.98000000 0.20440190
0.34000000 1.00000000 0.20000000
0.36000000 0.00000000 0.20000000
0.36000000 0.02000000 0.20454516
0.36000000 0.04000000 0.20907239
0.36000000 0.06000000 0.21356381
0.36000000 0.08000000 0.21800171
0.36000000 0.10000000 0.22236855
0.36000000 0.12000000 0.22664712
0.36000000 0.14000000 0.23082053
0.36000000 0.16000000 0.23487230
0.36000000 0.18000000 0.23878645
0.36000000 0.20000000 0.24254752
0.36000000 0.22000000 0.24614068
0.36000000 0.24000000 0.24955174
0.36000000 0.26000000 0.25276724
0.36000000 0.28000000 0.25577450
0.36000000 0.30000000 0.25856164
0.36000000 0.32000000 0.26111766
0.36000000 0.34000000 0.26343248
0.36000000 0.36000000 0.26549696
0.36000000 0.38000000 0.26730295
0.36000000 0.40000000 0.26884333
0.36000000 0.42000000 0.27011202
0.36000000 0.44000000 0.27110401
0.36000000 0.46000000 0.27181538
0.36000000 0.48000000 0.27224333
0.36000000 0.50000000 0.27238616
0.36000000 0.52000000 0.27224333
0.36000000 0.54000000 0.27181538
0.36000000 0.56000000 0.27110401
0.36000000 0.58000000 0.27011202
0.36000000 0.60000000 0.26884333
0.36000000 0.62000000 0.26730295
0.36000000 0.64000000 0.26549696
0.36000000 0.66000000 0.26343248
0.36000000 0.68000000 0.26111766
0.36000000 0.70000000 0.25856164
0.36000000 0.72000000 0.25577450
0.36000000 0.74000000 0.25276724
0.36000000 0.76000000 0.24955174
0.36000000 0.78000000 0.24614068
0.36000000 0.80000000 0.24254752
0.36000000 0.82000000 0.23878645
0.36000000 0.84000000 0.23487230
0.36000000 0.86000000 0.23082053
0.36000000 0.88000000 0.22664712
0.36000000 0.90000000 0.22236855
0.36000000 0.92000000 0.21800171
0.36000000 0.94000000 0.21356381
0.36000000 0.96000000 0.20907239
0.36000000 0.98000000 0.20454516
0.36000000 1.00000000 0.20000000
0.38000000 0.00000000 0.20000000
0.38000000 0.02000000 0.20467049
0.38000000 0.04000000 0.20932255
0.38000000 0.06000000 0.21393782
0.38000000 0.08000000 0.21849808
0.38000000 0.10000000 0.22298534
0.38000000 0.12000000 0.22738188
0.38000000 0.14000000 0.23167037
0.38000000 0.16000000 0.23583386
0.38000000 0.18000000 0.23985593
0.38000000 0.20000000 0.24372071
0.38000000 0.22000000 0.24741295
0.38000000 0.24000000 0.25091806
0.38000000 0.26000000 0.25422223
0.38000000 0.28000000 0.25731241
0.38000000 0.30000000 0.26017640
0.38000000 0.32000000 0.26280290
0.38000000 0.34000000 0.26518155
0.38000000 0.36000000 0.26730295
0.38000000 0.38000000 0.26915875
0.38000000 0.40000000 0.27074160
0.38000000 0.42000000 0.27204527
0.38000000 0.44000000 0.27306461
0.38000000 0.46000000 0.27379559
0.38000000 0.48000000 0.27423534
0.38000000 0.50000000 0.27438212
0.38000000 0.52000000 0.27423534
0.38000000 0.54000000 0.27379559
0.38000000 0.56000000 0.27306461
0.38000000 0.58000000 0.27204527
0.38000000 0.60000000 0.27074160
0.38000000 0.62000000 0.26915875
0.38000000 0.64000000 0.26730295
0.38000000 0.66000000 0.26518155
0.38000000 0.68000000 0.26280290
0.38000000 0.70000000 0.26017640
0.38000000 0.72000000 0.25731241
0.38000000 0.74000000 0.25422223
0.38000000 0.76000000 0.25091806
0.38000000 0.78000000 0.24741295
0.38000000 0.80000000 0.24372071
0.38000000 0.82000000 0.23985593
0.38000000 0.84000000 0.23583386
0.38000000 0.86000000 0.23167037
0.38000000 0.88000000 0.22738188
0.38000000 0.90000000 0.22298534
0.38000000 0.92000000 0.21849808
0.38000000 0.94000000 0.21393782
0.38000000 0.96000000 0.20932255
0.38000000 0.98000000 0.20467049
0.38000000 1.00000000 0.20000000
0.40000000 0.00000000 0.20000000
0.40000000 0.02000000 0.20477739
0.40000000 0.04000000 0.20953592
0.40000000 0.06000000 0.21425682
0.40000000 0.08000000 0.21892145
0.40000000 0.10000000 0.22351141
0.40000000 0.12000000 0.22800858
0.40000000 0.14000000 0.23239521
0.40000000 0.16000000 0.23665400
0.40000000 0.18000000 0.24076813
0.40000000 0.20000000 0.24472136
0.40000000 0.22000000 0.24849810
0.40000000 0.24000000 0.25208344
0.40000000 0.26000000 0.25546323
0.40000000 0.28000000 0.25862413
0.40000000 0.30000000 0.26155367
0.40000000 0.32000000 0.26424029
0.40000000 0.34000000 0.26667337
0.40000000 0.36000000 0.26884333
0.40000000 0.38000000 0.27074160
0.40000000 0.40000000 0.27236068
0.40000000 0.42000000 0.27369419
0.40000000 0.44000000 0.27473686
0.40000000 0.46000000 0.27548457
0.40000000 0.48000000 0.27593439
0.40000000 0.50000000 0.27608452
0.40000000 0.52000000 0.27593439
0.40000000 0.54000000 0.27548457
0.40000000 0.56000000 0.27473686
0.40000000 0.58000000 0.27369419
0.40000000 0.60000000 0.27236068
0.40000000 0.62000000 0.27074160
0.40000000 0.64000000 0.26884333
0.40000000 0.66000000 0.26667337
0.40000000 0.68000000 0.26424029
0.40000000 0.70000000 0.26155367
0.40000000 0.72000000 0.25862413
0.40000000 0.74000000 0.25546323
0.40000000 0.76000000 0.25208344
0.40000000 0.78000000 0.24849810
0.40000000 0.80000000 0.24472136
0.40000000 0.82000000 0.24076813
0.40000000 0.84000000 0.23665400
0.40000000 0.86000000 0.23239521
0.40000000 0.88000000 0.22800858
0.40000000 0.90000000 0.22351141
0.40000000 0.92000000 0.21892145
0.40000000 0.94000000 0.21425682
0.40000000 0.96000000 0.20953592
0.40000000 0.98000000 0.20477739
0.40000000 1.00000000 0.20000000
0.42000000 0.00000000 0.20000000
0.42000000 0.02000000 0.20486543
0.42000000 0.04000000 0.20971165
0.42000000 0.06000000 0.21451955
0.42000000 0.08000000 0.21927015
0.42000000 0.10000000 0.22394469
0.42000000 0.12000000 0.22852474
0.42000000 0.14000000 0.23299221
0.42000000 0.16000000 0.23732948
0.42000000 0.18000000 0.24151942
0.42000000 0.20000000 0.24554551
0.42000000 0.22000000 0.24939185
0.42000000 0.24000000 0.25304326
0.42000000 0.26000000 0.25648534
0.42000000 0.28000000 0.25970449
0.42000000 0.30000000 0.26268802
0.42000000 0.32000000 0.26542414
0.42000000 0.34000000 0.26790207
0.42000000 0.36000000 0.27011202
0.42000000 0.38000000 0.27204527
0.42000000 0.40000000 0.27369419
0.42000000 0.42000000 0.27505227
0.42000000 0.44000000 0.27611415
0.42000000 0.46000000 0.27687565
0.42000000 0.48000000 0.27733375
0.42000000 0.50000000 0.27748665
0.42000000 0.52000000 0.27733375
0.42000000 0.54000000 0.27687565
0.42000000 0.56000000 0.27611415
0.42000000 0.58000000 0.27505227
0.42000000 0.60000000 0.27369419
0.42000000 0.62000000 0.27204527
0.42000000 0.64000000 0.27011202
0.42000000 0.66000000 0.26790207
0.42000000 0.68000000 0.26542414
0.42000000 0.70000000 0.26268802
0.42000000 0.72000000 0.25970449
0.42000000 0.74000000 0.25648534
0.42000000 0.76000000 0.25304326
0.42000000 0.78000000 0.24939185
0.42000000 0.80000000 0.24554551
0.42000000 0.82000000 0.24151942
0.42000000 0.84000000 0.23732948
0.42000000 0.86000000 0.23299221
0.42000000 0.88000000 0.22852474
0.42000000 0.90000000 0.22394469
0.42000000 0.92000000 0.21927015
0.42000000 0.94000000 0.21451955
0.42000000 0.96000000 0.20971165
0.42000000 0.98000000 0.20486543
0.42000000 1.00000000 0.20000000
0.44000000 0.00000000 0.20000000
0.44000000 0.02000000 0.20493427
0.44000000 0.04000000 0.20984906
0.44000000 0.06000000 0.21472498
0.44000000 0.08000000 0.21954279
0.44000000 0.10000000 0.22428348
0.44000000 0.12000000 0.22892832
0.44000000 0.14000000 0.23345901
0.44000000 0.16000000 0.23785764
0.44000000 0.18000000 0.24210687
0.44000000 0.20000000 0.24618992
0.44000000 0.22000000 0.25009068
0.44000000 0.24000000 0.25379375
0.44000000 0.26000000 0.25728453
0.44000000 0.28000000 0.26054923
0.44000000 0.30000000 0.26357497
0.44000000 0.32000000 0.26634980
0.44000000 0.34000000 0.26886279
0.44000000 0.36000000 0.27110401
0.44000000 0.38000000 0.27306461
0.44000000 0.40000000 0.27473686
0.44000000 0.42000000 0.27611415
0.44000000 0.44000000 0.27719106
0.44000000 0.46000000 0.27796333
0.44000000 0.48000000 0.27842791
0.44000000 0.50000000 0.27858298
0.44000000 0.52000000 0.27842791
0.44000000 0.54000000 0.27796333
0.44000000 0.56000000 0.27719106
0.44000000 0.58000000 0.27611415
0.44000000 0.60000000 0.27473686
0.44000000 0.62000000 0.27306461
0.44000000 0.64000000 0.27110401
0.44000000 0.66000000 0.26886279
0.44000000 0.68000000 0.26634980
0.44000000 0.70000000 0.26357497
0.44000000 0.72000000 0.26054923
0.44000000 0.74000000 0.25728453
0.44000000 0.76000000 0.25379375
0.44000000 0.78000000 0.25009068
0.44000000 0.80000000 0.24618992
0.44000000 0.82000000 0.24210687
0.44000000 0.84000000 0.23785764
0.44000000 0.86000000 0.23345901
0.44000000 0.88000000 0.22892832
0.44000000 0.90000000 0.22428348
0.44000000 0.92000000 0.21954279
0.44000000 0.94000000 0.21472498
0.44000000 0.96000000 0.20984906
0.44000000 0.98000000 0.20493427
0.44000000 1.00000000 0.20000000
0.46000000 0.00000000 0.20000000
0.46000000 0.02000000 0.20498363
0.46000000 0.04000000 0.20994760
0.46000000 0.06000000 0.21487230
0.46000000 0.08000000 0.21973831
0.46000000 0.10000000 0.22452642
0.46000000 0.12000000 0.22921774
0.46000000 0.14000000 0.23379375
0.46000000 0.16000000 0.23823639
0.46000000 0.18000000 0.24252813
0.46000000 0.20000000 0.24665203
0.46000000 0.22000000 0.25059182
0.46000000 0.24000000 0.25433194
0.46000000 0.26000000 0.25785764
0.46000000 0.28000000 0.26115500
0.46000000 0.30000000 0.26421101
0.46000000 0.32000000 0.26701361
0.46000000 0.34000000 0.26955174
0.46000000 0.36000000 0.27181538
0.46000000 0.38000000 0.27379559
0.46000000 0.40000000 0.27548457
0.46000000 0.42000000 0.27687565
0.46000000 0.44000000 0.27796333
0.46000000 0.46000000 0.27874333
0.46000000 0.48000000 0.27921256
0.46000000 0.50000000 0.27936918
0.46000000 0.52000000 0.27921256
0.46000000 0.54000000 0.27874333
0.46000000 0.56000000 0.27796333
0.46000000 0.58000000 0.27687565
0.46000000 0.60000000 0.27548457
0.46000000 0.62000000 0.27379559
0.46000000 0.64000000 0.27181538
0.46000000 0.66000000 0.26955174
0.46000000 0.68000000 0.26701361
0.46000000 0.70000000 0.26421101
0.46000000 0.72000000 0.26115500
0.46000000 0.74000000 0.25785764
0.46000000 0.76000000 0.25433194
0.46000000 0.78000000 0.25059182
0.46000000 0.80000000 0.24665203
0.46000000 0.82000000 0.24252813
0.46000000 0.84000000 0.23823639
0.46000000 0.86000000 0.23379375
0.46000000 0.88000000 0.22921774
0.46000000 0.90000000 0.22452642
0.46000000 0.92000000 0.21973831
0.46000000 0.94000000 0.21487230
0.46000000 0.96000000 0.20994760
0.46000000 0.98000000 0.20498363
0.46000000 1.00000000 0.20000000
0.48000000 0.00000000 0.20000000
0.48000000 0.02000000 0.20501333
0.48000000 0.04000000 0.21000687
0.48000000 0.06000000 0.21496092
0.48000000 0.08000000 0.21985593
0.48000000 0.10000000 0.22467258
0.48000000 0.12000000 0.22939185
0.48000000 0.14000000 0.23399513
0.48000000 0.16000000 0.23846424
0.48000000 0.18000000 0.24278156
0.48000000 0.20000000 0.24693003
0.48000000 0.22000000 0.25089329
0.48000000 0.24000000 0.25465570
0.48000000 0.26000000 0.25820241
0.48000000 0.28000000 0.26151942
0.48000000 0.30000000 0.26459365
0.48000000 0.32000000 0.26741295
0.48000000 0.34000000 0.26996620
0.48000000 0.36000000 0.27224333
0.48000000 0.38000000 0.27423534
0.48000000 0.40000000 0.27593439
0.48000000 0.42000000 0.27733375
0.48000000 0.44000000 0.27842791
0.48000000 0.46000000 0.27921256
0.48000000 0.48000000 0.27968459
0.48000000 0.50000000 0.27984214
0.48000000 0.52000000 0.27968459
0.48000000 0.54000000 0.27921256
0.48000000 0.56000000 0.27842791
0.48000000 0.58000000 0.27733375
0.48000000 0.60000000 0.27593439
0.48000000 0.62000000 0.27423534
0.48000000 0.64000000 0.27224333
0.48000000 0.66000000 0.26996620
0.48000000 0.68000000 0.26741295
0.48000000 0.70000000 0.26459365
0.48000000 0.72000000 0.26151942
0.48000000 0.74000000 0.25820241
0.48000000 0.76000000 0.25465570
0.48000000 0.78000000 0.25089329
0.48000000 0.80000000 0.24693003
0.48000000 0.82000000 0.24278156
0.48000000 0.84000000 0.23846424
0.48000000 0.86000000 0.23399513
0.48000000 0.88000000 0.22939185
0.48000000 0.90000000 0.22467258
0.48000000 0.92000000 0.21985593
0.48000000 0.94000000 0.21496092
0.48000000 0.96000000 0.21000687
0.48000000 0.98000000 0.20501333
0.48000000 1.00000000 0.20000000
0.50000000 0.00000000 0.20000000
0.50000000 0.02000000 0.20502324
0.50000000 0.04000000 0.21002666
0.50000000 0.06000000 0.21499051
0.50000000 0.08000000 0.21989519
0.50000000 0.10000000 0.22472136
0.50000000 0.12000000 0.22944996
0.50000000 0.14000000 0.23406234
0.50000000 0.16000000 0.23854029
0.50000000 0.18000000 0.24286614
0.50000000 0.20000000 0.24702282
0.50000000 0.22000000 0.25099392
0.50000000 0.24000000 0.25476377
0.50000000 0.26000000 0.25831749
0.50000000 0.28000000 0.26164106
0.50000000 0.30000000 0.26472136
0.50000000 0.32000000 0.26754623
0.50000000 0.34000000 0.27010453
0.50000000 0.36000000 0.27238616
0.50000000 0.38000000 0.27438212
0.50000000 0.40000000 0.27608452
0.50000000 0.42000000 0.27748665
0.50000000 0.44000000 0.27858298
0.50000000 0.46000000 0.27936918
0.50000000 0.48000000 0.27984214
0.50000000 0.50000000 0.28000000
0.50000000 0.52000000 0.27984214
0.50000000 0.54000000 0.27936918
0.50000000 0.56000000 0.27858298
0.50000000 0.58000000 0.27748665
0.50000000 0.60000000 0.27608452
0.50000000 0.62000000 0.27438212
0.50000000 0.64000000 0.27238616
0.50000000 0.66000000 0.27010453
0.50000000 0.68000000 0.26754623
0.50000000 0.70000000 0.26472136
0.50000000 0.72000000 0.26164106
0.50000000 0.74000000 0.25831749
0.50000000 0.76000000 0.25476377
0.50000000 0.78000000 0.25099392
0.50000000 0.80000000 0.24702282
0.50000000 0.82000000 0.24286614
0.50000000 0.84000000 0.23854029
0.50000000 0.86000000 0.23406234
0.50000000 0.88000000 0.22944996
0.50000000 0.90000000 0.22472136
0.50000000 0.92000000 0.21989519
0.50000000 0.94000000 0.21499051
0.50000000 0.96000000 0.21002666
0.50000000 0.98000000 0.20502324
0.50000000 1.00000000 0.20000000
0.52000000 0.00000000 0.20000000
0.52000000 0.02000000 0.20501333
0.52000000 0.04000000 0.21000687
0.52000000 0.06000000 0.21496092
0.52000000 0.08000000 0.21985593
0.52000000 0.10000000 0.22467258
0.52000000 0.12000000 0.22939185
0.52000000 0.14000000 0.23399513
0.52000000 0.16000000 0.23846424
0.52000000 0.18000000 0.24278156
0.52000000 0.20000000 0.24693003
0.52000000 0.22000000 0.25089329
0.52000000 0.24000000 0.25465570
0.52000000 0.26000000 0.25820241
0.52000000 0.28000000 0.26151942
0.52000000 0.30000000 0.26459365
0.52000000 0.32000000 0.26741295
0.52000000 0.34000000 0.26996620
0.52000000 0.36000000 0.27224333
0.52000000 0.38000000 0.27423534
0.52000000 0.40000000 0.27593439
0.52000000 0.42000000 0.27733375
0.52000000 0.44000000 0.27842791
0.52000000 0.46000000 0.27921256
0.52000000 0.48000000 0.27968459
0.52000000 0.50000000 0.27984214
0.52000000 0.52000000 0.27968459
0.52000000 0.54000000 0.27921256
0.52000000 0.56000000 0.27842791
0.52000000 0.58000000 0.27733375
0.52000000 0.60000000 0.27593439
0.52000000 0.62000000 0.27423534
0.52000000 0.64000000 0.27224333
0.52000000 0.66000000 0.26996620
0.52000000 0.68000000 0.26741295
0.52000000 0.70000000 0.26459365
0.52000000 0.72000000 0.26151942
0.52000000 0.74000000 0.25820241
0.52000000 0.76000000 0.25465570
0.52000000 0.78000000 0.25089329
0.52000000 0.80000000 0.24693003
0.52000000 0.82000000 0.24278156
0.52000000 0.84000000 0.23846424
0.52000000 0.86000000 0.23399513
0.52000000 0.88000000 0.22939185
0.52000000 0.90000000 0.22467258
0.52000000 0.92000000 0.21985593
0.52000000 0.94000000 0.21496092
0.52000000 0.96000000 0.21000687
0.52000000 0.98000000 0.20501333
0.52000000 1.00000000 0.20000000
0.54000000 0.00000000 0.20000000
0.54000000 0.02000000 0.20498363
0.54000000 0.04000000 0.20994760
0.54000000 0.06000000 0.21487230
0.54000000 0.08000000 0.21973831
0.54000000 0.10000000 0.22452642
0.54000000 0.12000000 0.22921774
0.54000000 0.14000000 0.23379375
0.54000000 0.16000000 0.23823639
0.54000000 0.18000000 0.24252813
0.54000000 0.20000000 0.24665203
0.54000000 0.22000000 0.25059182
0.54000000 0.24000000 0.25433194
0.54000000 0.26000000 0.25785764
0.54000000 0.28000000 0.26115500
0.54000000 0.30000000 0.26421101
0.54000000 0.32000000 0.26701361
0.54000000 0.34000000 0.26955174
0.54000000 0.36000000 0.27181538
0.54000000 0.38000000 0.27379559
0.54000000 0.40000000 0.27548457
0.54000000 0.42000000 0.27687565
0.54000000 0.44000000 0.27796333
0.54000000 0.46000000 0.27874333
0.54000000 0.48000000 0.27921256
0.54000000 0.50000000 0.27936918
0.54000000 0.52000000 0.27921256
0.54000000 0.54000000 0.27874333
0.54000000 0.56000000 0.27796333
0.54000000 0.58000000 0.27687565
0.54000000 0.60000000 0.27548457
0.54000000 0.62000000 0.27379559
0.54000000 0.64000000 0.27181538
0.54000000 0.66000000 0.26955174
0.54000000 0.68000000 0.26701361
0.54000000 0.70000000 0.26421101
0.54000000 0.72000000 0.26115500
0.54000000 0.74000000 0.25785764
0.54000000 0.76000000 0.25433194
0.54000000 0.78000000 0.25059182
0.54000000 0.80000000 0.24665203
0.54000000 0.82000000 0.24252813
0.54000000 0.84000000 0.23823639
0.54000000 0.86000000 0.23379375
0.54000000 0.88000000 0.22921774
0.54000000 0.90000000 0.22452642
0.54000000 0.92000000 0.21973831
0.54000000 0.94000000 0.21487230
0.54000000 0.96000000 0.20994760
0.54000000 0.98000000 0.20498363
0.54000000 1.00000000 0.20000000
0.56000000 0.00000000 0.20000000
0.56000000 0.02000000 0.20493427
0.56000000 0.04000000 0.20984906
0.56000000 0.06000000 0.21472498
0.56000000 0.08000000 0.21954279
0.56000000 0.10000000 0.22428348
0.56000000 0.12000000 0.22892832
0.56000000 0.14000000 0.23345901
0.56000000 0.16000000 0.23785764
0.56000000 0.18000000 0.24210687
0.56000000 0.20000000 0.24618992
0.56000000 0.22000000 0.25009068
0.56000000 0.24000000 0.25379375
0.56000000 0.26000000 0.25728453
0.56000000 0.28000000 0.26054923
0.56000000 0.30000000 0.26357497
0.56000000 0.32000000 0.26634980
0.56000000 0.34000000 0.26886279
0.56000000 0.36000000 0.27110401
0.56000000 0.38000000 0.27306461
0.56000000 0.40000000 0.27473686
0.56000000 0.42000000 0.27611415
0.56000000 0.44000000 0.27719106
0.56000000 0.46000000 0.27796333
0.56000000 0.48000000 0.27842791
0.56000000 0.50000000 0.27858298
0.56000000 0.52000000 0.27842791
0.56000000 0.54000000 0.27796333
0.56000000 0.56000000 0.27719106
0.56000000 0.58000000 0.27611415
0.56000000 0.60000000 0.27473686
0.56000000 0.62000000 0.27306461
0.56000000 0.64000000 0.27110401
0.56000000 0.66000000 0.26886279
0.56000000 0.68000000 0.26634980
0.56000000 0.70000000 0.26357497
0.56000000 0.72000000 0.26054923
0.56000000 0.74000000 0.25728453
0.56000000 0.76000000 0.25379375
0.56000000 0.78000000 0.25009068
0.56000000 0.80000000 0.24618992
0.56000000 0.82000000 0.24210687
0.56000000 0.84000000 0.23785764
0.56000000 0.86000000 0.23345901
0.56000000 0.88000000 0.22892832
0.56000000 0.90000000 0.22428348
0.56000000 0.92000000 0.21954279
0.56000000 0.94000000 0.21472498
0.56000000 0.96000000 0.20984906
0.56000000 0.98000000 0.20493427
0.56000000 1.00000000 0.20000000
0.58000000 0.00000000 0.20000000
0.58000000 0.02000000 0.20486543
0.58000000 0.04000000 0.20971165
0.58000000 0.06000000 0.21451955
0.58000000 0.08000000 0.21927015
0.58000000 0.10000000 0.22394469
0.58000000 0.12000000 0.22852474
0.58000000 0.14000000 0.23299221
0.58000000 0.16000000 0.23732948
0.58000000 0.18000000 0.24151942
0.58000000 0.20000000 0.24554551
0.58000000 0.22000000 0.24939185
0.58000000 0.24000000 0.25304326
0.58000000 0.26000000 0.25648534
0.58000000 0.28000000 0.25970449
0.58000000 0.30000000 0.26268802
0.58000000 0.32000000 0.26542414
0.58000000 0.34000000 0.26790207
0.58000000 0.36000000 0.27011202
0.58000000 0.38000000 0.27204527
0.58000000 0.40000000 0.27369419
0.58000000 0.42000000 0.27505227
0.58000000 0.44000000 0.27611415
0.58000000 0.46000000 0.27687565
0.58000000 0.48000000 0.27733375
0.58000000 0.50000000 0.27748665
0.58000000 0.52000000 0.27733375
0.58000000 0.54000000 0.27687565
0.58000000 0.56000000 0.27611415
0.58000000 0.58000000 0.27505227
0.58000000 0.60000000 0.27369419
0.58000000 0.62000000 0.27204527
0.58000000 0.64000000 0.27011202
0.58000000 0.66000000 0.26790207
0.58000000 0.68000000 0.26542414
0.58000000 0.70000000 0.26268802
0.58000000 0.72000000 0.25970449
0.58000000 0.74000000 0.25648534
0.58000000 0.76000000 0.25304326
0.58000000 0.78000000 0.24939185
0.58000000 0.80000000 0.24554551
0.58000000 0.82000000 0.24151942
0.58000000 0.84000000 0.23732948
0.58000000 0.86000000 0.23299221
0.58000000 0.88000000 0.22852474
0.58000000 0.90000000 0.22394469
0.58000000 0.92000000 0.21927015
0.58000000 0.94000000 0.21451955
0.58000000 0.96000000 0.20971165
0.58000000 0.98000000 0.20486543
0.58000000 1.00000000 0.20000000
0.60000000 0.00000000 0.20000000
0.60000000 0.02000000 0.20477739
0.60000000 0.04000000 0.20953592
0.60000000 0.06000000 0.21425682
0.60000000 0.08000000 0.21892145
0.60000000 0.10000000 0.22351141
0.60000000 0.12000000 0.22800858
0.60000000 0.14000000 0.23239521
0.60000000 0.16000000 0.23665400
0.60000000 0.18000000 0.24076813
0.60000000 0.20000000 0.24472136
0.60000000 0.22000000 0.24849810
0.60000000 0.24000000 0.25208344
0.60000000 0.26000000 0.25546323
0.60000000 0.28000000 0.25862413
0.60000000 0.30000000 0.26155367
0.60000000 0.32000000 0.26424029
0.60000000 0.34000000 0.26667337
0.60000000 0.36000000 0.26884333
0.60000000 0.38000000 0.27074160
0.60000000 0.40000000 0.27236068
0.60000000 0.42000000 0.27369419
0.60000000 0.44000000 0.27473686
0.60000000 0.46000000 0.27548457
0.60000000 0.48000000 0.27593439
0.60000000 0.50000000 0.27608452
0.60000000 0.52000000 0.27593439
0.60000000 0.54000000 0.27548457
0.60000000 0.56000000 0.27473686
0.60000000 0.58000000 0.27369419
0.60000000 0.60000000 0.27236068
0.60000000 0.62000000 0.27074160
0.60000000 0.64000000 0.26884333
0.60000000 0.66000000 0.26667337
0.60000000 0.68000000 0.26424029
0.60000000 0.70000000 0.26155367
0.60000000 0.72000000 0.25862413
0.60000000 0.74000000 0.25546323
0.60000000 0.76000000 0.25208344
0.60000000 0.78000000 0.24849810
0.60000000 0.80000000 0.24472136
0.60000000 0.82000000 0.24076813
0.60000000 0.84000000 0.23665400
0.60000000 0.86000000 0.23239521
0.60000000 0.88000000 0.22800858
0.60000000 0.90000000 0.22351141
0.60000000 0.92000000 0.21892145
0.60000000 0.94000000 0.21425682
0.60000000 0.96000000 0.20953592
0.60000000 0.98000000 0.20477739
0.60000000 1.00000000 0.20000000
0.62000000 0.00000000 0.20000000
0.62000000 0.02000000 0.20467049
0.62000000 0.04000000 0.20932255
0.62000000 0.06000000 0.21393782
0.62000000 0.08000000 0.21849808
0.62000000 0.10000000 0.22298534
0.62000000 0.12000000 0.22738188
0.62000000 0.14000000 0.23167037
0.62000000 0.16000000 0.23583386
0.62000000 0.18000000 0.23985593
0.62000000 0.20000000 0.24372071
0.62000000 0.22000000 0.24741295
0.62000000 0.24000000 0.25091806
0.62000000 0.26000000 0.25422223
0.62000000 0.28000000 0.25731241
0.62000000 0.30000000 0.26017640
0.62000000 0.32000000 0.26280290
0.62000000 0.34000000 0.26518155
0.62000000 0.36000000 0.26730295
0.62000000 0.38000000 0.26915875
0.62000000 0.40000000 0.27074160
0.62000000 0.42000000 0.27204527
0.62000000 0.44000000 0.27306461
0.62000000 0.46000000 0.27379559
0.62000000 0.48000000 0.27423534
0.62000000 0.50000000 0.27438212
0.62000000 0.52000000 0.27423534
0.62000000 0.54000000 0.27379559
0.62000000 0.56000000 0.27306461
0.62000000 0.58000000 0.27204527
0.62000000 0.60000000 0.27074160
0.62000000 0.62000000 0.26915875
0.62000000 0.64000000 0.26730295
0.62000000 0.66000000 0.26518155
0.62000000 0.68000000 0.26280290
0.62000000 0.70000000 0.26017640
0.62000000 0.72000000 0.25731241
0.62000000 0.74000000 0.25422223
0.62000000 0.76000000 0.25091806
0.62000000 0.78000000 0.24741295
0.62000000 0.80000000 0.24372071
0.62000000 0.82000000 0.23985593
0.62000000 0.84000000 0.23583386
0.62000000 0.86000000 0.23167037
0.62000000 0.88000000 0.22738188
0.62000000 0.90000000 0.22298534
0.62000000 0.92000000 0.21849808
0.62000000 0.94000000 0.21393782
0.62000000 0.96000000 0.20932255
0.62000000 0.98000000 0.20467049
0.62000000 1.00000000 0.20000000
0.64000000 0.00000000 0.20000000
0.64000000 0.02000000 0.20454516
0.64000000 0.04000000 0.20907239
0.64000000 0.06000000 0.21356381
0.64000000 0.08000000 0.21800171
0.64000000 0.10000000 0.22236855
0.64000000 0.12000000 0.22664712
0.64000000 0.14000000 0.23082053
0.64000000 0.16000000 0.23487230
0.64000000 0.18000000 0.23878645
0.64000000 0.20000000 0.24254752
0.64000000 0.22000000 0.24614068
0.64000000 0.24000000 0.24955174
0.64000000 0.26000000 0.25276724
0.64000000 0.28000000 0.25577450
0.64000000 0.30000000 0.25856164
0.64000000 0.32000000 0.26111766
0.64000000 0.34000000 0.26343248
0.64000000 0.36000000 0.26549696
0.64000000 0.38000000 0.26730295
0.64000000 0.40000000 0.26884333
0.64000000 0.42000000 0.27011202
0.64000000 0.44000000 0.27110401
0.64000000 0.46000000 0.27181538
0.64000000 0.48000000 0.27224333
0.64000000 0.50000000 0.27238616
0.64000000 0.52000000 0.27224333
0.64000000 0.54000000 0.27181538
0.64000000 0.56000000 0.27110401
0.64000000 0.58000000 0.27011202
0.64000000 0.60000000 0.26884333
0.64000000 0.62000000 0.26730295
0.64000000 0.64000000 0.26549696
0.64000000 0.66000000 0.26343248
0.64000000 0.68000000 0.26111766
0.64000000 0.70000000 0.25856164
0.64000000 0.72000000 0.25577450
0.64000000 0.74000000 0.25276724
0.64000000 0.76000000 0.24955174
0.64000000 0.78000000 0.24614068
0.64000000 0.80000000 0.24254752
0.64000000 0.82000000 0.23878645
0.64000000 0.84000000 0.23487230
0.64000000 0.86000000 0.23082053
0.64000000 0.88000000 0.22664712
0.64000000 0.90000000 0.22236855
0.64000000 0.92000000 0.21800171
0.64000000 0.94000000 0.21356381
0.64000000 0.96000000 0.20907239
0.64000000 0.98000000 0.20454516
0.64000000 1.00000000 0.20000000
0.66000000 0.00000000 0.20000000
0.66000000 0.02000000 0.20440190
0.66000000 0.04000000 0.20878643
0.66000000 0.06000000 0.21313628
0.66000000 0.08000000 0.21743429
0.66000000 0.10000000 0.22166349
0.66000000 0.12000000 0.22580720
0.66000000 0.14000000 0.22984906
0.66000000 0.16000000 0.23377312
0.66000000 0.18000000 0.23756389
0.66000000 0.20000000 0.24120641
0.66000000 0.22000000 0.24468631
0.66000000 0.24000000 0.24798986
0.66000000 0.26000000 0.25110401
0.66000000 0.28000000 0.25401647
0.66000000 0.30000000 0.25671576
0.66000000 0.32000000 0.25919122
0.66000000 0.34000000 0.26143307
0.66000000 0.36000000 0.26343248
0.66000000 0.38000000 0.26518155
0.66000000 0.40000000 0.26667337
0.66000000 0.42000000 0.26790207
0.66000000 0.44000000 0.26886279
0.66000000 0.46000000 0.26955174
0.66000000 0.48000000 0.26996620
0.66000000 0.50000000 0.27010453
0.66000000 0.52000000 0.26996620
0.66000000 0.54000000 0.26955174
0.66000000 0.56000000 0.26886279
0.66000000 0.58000000 0.26790207
0.66000000 0.60000000 0.26667337
0.66000000 0.62000000 0.26518155
0.66000000 0.64000000 0.26343248
0.66000000 0.66000000 0.26143307
0.66000000 0.68000000 0.25919122
0.66000000 0.70000000 0.25671576
0.66000000 0.72000000 0.25401647
0.66000000 0.74000000 0.25110401
0.66000000 0.76000000 0.24798986
0.66000000 0.78000000 0.24468631
0.66000000 0.80000000 0.24120641
0.66000000 0.82000000 0.23756389
0.66000000 0.84000000 0.23377312
0.66000000 0.86000000 0.22984906
0.66000000 0.88000000 0.22580720
0.66000000 0.90000000 0.22166349
0.66000000 0.92000000 0.21743429
0.66000000 0.94000000 0.21313628
0.66000000 0.96000000 0.20878643
0.66000000 0.98000000 0.20440190
0.66000000 1.00000000 0.20000000
0.68000000 0.00000000 0.20000000
0.68000000 0.02000000 0.20424126
0.68000000 0.04000000 0.20846579
0.68000000 0.06000000 0.21265690
0.68000000 0.08000000 0.21679807
0.68000000 0.10000000 0.22087293
0.68000000 0.12000000 0.22486543
0.68000000 0.14000000 0.22875979
0.68000000 0.16000000 0.23254065
0.68000000 0.18000000 0.23619308
0.68000000 0.20000000 0.23970268
0.68000000 0.22000000 0.24305559
0.68000000 0.24000000 0.24623858
0.68000000 0.26000000 0.24923909
0.68000000 0.28000000 0.25204527
0.68000000 0.30000000 0.25464605
0.68000000 0.32000000 0.25703117
0.68000000 0.34000000 0.25919122
0.68000000 0.36000000 0.26111766
0.68000000 0.38000000 0.26280290
0.68000000 0.40000000 0.26424029
0.68000000 0.42000000 0.26542414
0.68000000 0.44000000 0.26634980
0.68000000 0.46000000 0.26701361
0.68000000 0.48000000 0.26741295
0.68000000 0.50000000 0.26754623
0.68000000 0.52000000 0.26741295
0.68000000 0.54000000 0.26701361
0.68000000 0.56000000 0.26634980
0.68000000 0.58000000 0.26542414
0.68000000 0.60000000 0.26424029
0.68000000 0.62000000 0.26280290
0.68000000 0.64000000 0.26111766
0.68000000 0.66000000 0.25919122
0.68000000 0.68000000 0.25703117
0.68000000 0.70000000 0.25464605
0.68000000 0.72000000 0.25204527
0.68000000 0.74000000 0.24923909
0.68000000 0.76000000 0.24623858
0.68000000 0.78000000 0.24305559
0.68000000 0.80000000 0.23970268
0.68000000 0.82000000 0.23619308
0.68000000 0.84000000 0.23254065
0.68000000 0.86000000 0.22875979
0.68000000 0.88000000 0.22486543
0.68000000 0.90000000 0.22087293
0.68000000 0.92000000 0.21679807
0.68000000 0.94000000 0.21265690
0.68000000 0.96000000 0.20846579
0.68000000 0.98000000 0.20424126
0.68000000 1.00000000 0.20000000
0.70000000 0.00000000 0.20000000
0.70000000 0.02000000 0.20406389
0.70000000 0.04000000 0.20811174
0.70000000 0.06000000 0.21212757
0.70000000 0.08000000 0.21609555
0.70000000 0.10000000 0.22000000
0.70000000 0.12000000 0.22382552
0.70000000 0.14000000 0.22755701
0.70000000 0.16000000 0.23117975
0.70000000 0.18000000 0.23467944
0.70000000 0.20000000 0.23804226
0.70000000 0.22000000 0.24125495
0.70000000 0.24000000 0.24430482
0.70000000 0.26000000 0.24717984
0.70000000 0.28000000 0.24986866
0.70000000 0.30000000 0.25236068
0.70000000 0.32000000 0.25464605
0.70000000 0.34000000 0.25671576
0.70000000 0.36000000 0.25856164
0.70000000 0.38000000 0.26017640
0.70000000 0.40000000 0.26155367
0.70000000 0.42000000 0.26268802
0.70000000 0.44000000 0.26357497
0.70000000 0.46000000 0.26421101
0.70000000 0.48000000 0.26459365
0.70000000 0.50000000 0.26472136
0.70000000 0.52000000 0.26459365
0.70000000 0.54000000 0.26421101
0.70000000 0.56000000 0.26357497
0.70000000 0.58000000 0.26268802
0.70000000 0.60000000 0.26155367
0.70000000 0.62000000 0.26017640
0.70000000 0.64000000 0.25856164
0.70000000 0.66000000 0.25671576
0.70000000 0.68000000 0.25464605
0.70000000 0.70000000 0.25236068
0.70000000 0.72000000 0.24986866
0.70000000 0.74000000 0.24717984
0.70000000 0.76000000 0.24430482
0.70000000 0.78000000 0.24125495
0.70000000 0.80000000 0.23804226
0.70000000 0.82000000 0.23467944
0.70000000 0.84000000 0.23117975
0.70000000 0.86000000 0.22755701
0.70000000 0.88000000 0.22382552
0.70000000 0.90000000 0.22000000
0.70000000 0.92000000 0.21609555
0.70000000 0.94000000 0.21212757
0.70000000 0.96000000 0.20811174
0.70000000 0.98000000 0.20406389
0.70000000 1.00000000 0.20000000
0.72000000 0.00000000 0.20000000
0.72000000 0.02000000 0.20387047
0.72000000 0.04000000 0.20772567
0.72000000 0.06000000 0.21155038
0.72000000 0.08000000 0.21532951
0.72000000 0.10000000 0.21904813
0.72000000 0.12000000 0.22269159
0.72000000 0.14000000 0.22624549
0.72000000 0.16000000 0.22969581
0.72000000 0.18000000 0.23302893
0.72000000 0.20000000 0.23623171
0.72000000 0.22000000 0.23929149
0.72000000 0.24000000 0.24219621
0.72000000 0.26000000 0.24493440
0.72000000 0.28000000 0.24749525
0.72000000 0.30000000 0.24986866
0.72000000 0.32000000 0.25204527
0.72000000 0.34000000 0.25401647
0.72000000 0.36000000 0.25577450
0.72000000 0.38000000 0.25731241
0.72000000 0.40000000 0.25862413
0.72000000 0.42000000 0.25970449
0.72000000 0.44000000 0.26054923
0.72000000 0.46000000 0.26115500
0.72000000 0.48000000 0.26151942
0.72000000 0.50000000 0.26164106
0.72000000 0.52000000 0.26151942
0.72000000 0.54000000 0.26115500
0.72000000 0.56000000 0.26054923
0.72000000 0.58000000 0.25970449
0.72000000 0.60000000 0.25862413
0.72000000 0.62000000 0.25731241
0.72000000 0.64000000 0.25577450
0.72000000 0.66000000 0.25401647
0.72000000 0.68000000 0.25204527
0.72000000 0.70000000 0.24986866
0.72000000 0.72000000 0.24749525
0.72000000 0.74000000 0.24493440
0.72000000 0.76000000 0.24219621
0.72000000 0.78000000 0.23929149
0.72000000 0.80000000 0.23623171
0.72000000 0.82000000 0.23302893
0.72000000 0.84000000 0.22969581
0.72000000 0.86000000 0.22624549
0.72000000 0.88000000 0.22269159
0.72000000 0.90000000 0.21904813
0.72000000 0.92000000 0.21532951
0.72000000 0.94000000 0.21155038
0.72000000 0.96000000 0.20772567
0.72000000 0.98000000 0.20387047
0.72000000 1.00000000 0.20000000
0.74000000 0.00000000 0.20000000
0.74000000 0.02000000 0.20366179
0.74000000 0.04000000 0.20730912
0.74000000 0.06000000 0.21092761
0.74000000 0.08000000 0.21450297
0.74000000 0.10000000 0.21802110
0.74000000 0.12000000 0.22146810
0.74000000 0.14000000 0.22483038
0.74000000 0.16000000 0.22809467
0.74000000 0.18000000 0.23124807
0.74000000 0.20000000 0.23427816
0.74000000 0.22000000 0.23717297
0.74000000 0.24000000 0.23992107
0.74000000 0.26000000 0.24251162
0.74000000 0.28000000 0.24493440
0.74000000 0.30000000 0.24717984
0.74000000 0.32000000 0.24923909
0.74000000 0.34000000 0.25110401
0.74000000 0.36000000 0.25276724
0.74000000 0.38000000 0.25422223
0.74000000 0.40000000 0.25546323
0.74000000 0.42000000 0.25648534
0.74000000 0.44000000 0.25728453
0.74000000 0.46000000 0.25785764
0.74000000 0.48000000 0.25820241
0.74000000 0.50000000 0.25831749
0.74000000 0.52000000 0.25820241
0.74000000 0.54000000 0.25785764
0.74000000 0.56000000 0.25728453
0.74000000 0.58000000 0.25648534
0.74000000 0.60000000 0.25546323
0.74000000 0.62000000 0.25422223
0.74000000 0.64000000 0.25276724
0.74000000 0.66000000 0.25110401
0.74000000 0.68000000 0.24923909
0.74000000 0.70000000 0.24717984
0.74000000 0.72000000 0.24493440
0.74000000 0.74000000 0.24251162
0.74000000 0.76000000 0.23992107
0.74000000 0.78000000 0.23717297
0.74000000 0.80000000 0.23427816
0.74000000 0.82000000 0.23124807
0.74000000 0.84000000 0.22809467
0.74000000 0.86000000 0.22483038
0.74000000 0.88000000 0.22146810
0.74000000 0.90000000 0.21802110
0.74000000 0.92000000 0.21450297
0.74000000 0.94000000 0.21092761
0.74000000 0.96000000 0.20730912
0.74000000 0.98000000 0.20366179
0.74000000 1.00000000 0.20000000
0.76000000 0.00000000 0.20000000
0.76000000 0.02000000 0.20343865
0.76000000 0.04000000 0.20686372
0.76000000 0.06000000 0.21026171
0.76000000 0.08000000 0.21361920
0.76000000 0.10000000 0.21692294
0.76000000 0.12000000 0.22015989
0.76000000 0.14000000 0.22331728
0.76000000 0.16000000 0.22638265
0.76000000 0.18000000 0.22934389
0.76000000 0.20000000 0.23218934
0.76000000 0.22000000 0.23490774
0.76000000 0.24000000 0.23748838
0.76000000 0.26000000 0.23992107
0.76000000 0.28000000 0.24219621
0.76000000 0.30000000 0.24430482
0.76000000 0.32000000 0.24623858
0.76000000 0.34000000 0.24798986
0.76000000 0.36000000 0.24955174
0.76000000 0.38000000 0.25091806
0.76000000 0.40000000 0.25208344
0.76000000 0.42000000 0.25304326
0.76000000 0.44000000 0.25379375
0.76000000 0.46000000 0.25433194
0.76000000 0.48000000 0.25465570
0.76000000 0.50000000 0.25476377
0.76000000 0.52000000 0.25465570
0.76000000 0.54000000 0.25433194
0.76000000 0.56000000 0.25379375
0.76000000 0.58000000 0.25304326
0.76000000 0.60000000 0.25208344
0.76000000 0.62000000 0.25091806
0.76000000 0.64000000 0.24955174
0.76000000 0.66000000 0.24798986
0.76000000 0.68000000 0.24623858
0.76000000 0.70000000 0.24430482
0.76000000 0.72000000 0.24219621
0.76000000 0.74000000 0.23992107
0.76000000 0.76000000 0.23748838
0.76000000 0.78000000 0.23490774
0.76000000 0.80000000 0.23218934
0.76000000 0.82000000 0.22934389
0.76000000 0.84000000 0.22638265
0.76000000 0.86000000 0.22331728
0.76000000 0.88000000 0.22015989
0.76000000 0.90000000 0.21692294
0.76000000 0.92000000 0.21361920
0.76000000 0.94000000 0.21026171
0.76000000 0.96000000 0.20686372
0.76000000 0.98000000 0.20343865
0.76000000 1.00000000 0.20000000
0.78000000 0.00000000 0.20000000
0.78000000 0.02000000 0.20320193
0.78000000 0.04000000 0.20639123
0.78000000 0.06000000 0.20955531
0.78000000 0.08000000 0.21268167
0.78000000 0.10000000 0.21575799
0.78000000 0.12000000 0.21877211
0.78000000 0.14000000 0.22171215
0.78000000 0.16000000 0.22456651
0.78000000 0.18000000 0.22732391
0.78000000 0.20000000 0.22997347
0.78000000 0.22000000 0.23250475
0.78000000 0.24000000 0.23490774
0.78000000 0.26000000 0.23717297
0.78000000 0.28000000 0.23929149
0.78000000 0.30000000 0.24125495
0.78000000 0.32000000 0.24305559
0.78000000 0.34000000 0.24468631
0.78000000 0.36000000 0.24614068
0.78000000 0.38000000 0.24741295
0.78000000 0.40000000 0.24849810
0.78000000 0.42000000 0.24939185
0.78000000 0.44000000 0.25009068
0.78000000 0.46000000 0.25059182
0.78000000 0.48000000 0.25089329
0.78000000 0.50000000 0.25099392
0.78000000 0.52000000 0.25089329
0.78000000 0.54000000 0.25059182
0.78000000 0.56000000 0.25009068
0.78000000 0.58000000 0.24939185
0.78000000 0.60000000 0.24849810
0.78000000 0.62000000 0.24741295
0.78000000 0.64000000 0.24614068
0.78000000 0.66000000 0.24468631
0.78000000 0.68000000 0.24305559
0.78000000 0.70000000 0.24125495
0.78000000 0.72000000 0.23929149
0.78000000 0.74000000 0.23717297
0.78000000 0.76000000 0.23490774
0.78000000 0.78000000 0.23250475
0.78000000 0.80000000 0.22997347
0.78000000 0.82000000 0.22732391
0.78000000 0.84000000 0.22456651
0.78000000 0.86000000 0.22171215
0.78000000 0.88000000 0.21877211
0.78000000 0.90000000 0.21575799
0.78000000 0.92000000 0.21268167
0.78000000 0.94000000 0.20955531
0.78000000 0.96000000 0.20639123
0.78000000 0.98000000 0.20320193
0.78000000 1.00000000 0.20000000
0.80000000 0.00000000 0.20000000
0.80000000 0.02000000 0.20295259
0.80000000 0.04000000 0.20589352
0.80000000 0.06000000 0.20881120
0.80000000 0.08000000 0.21169410
0.80000000 0.10000000 0.21453085
0.80000000 0.12000000 0.21731025
0.80000000 0.14000000 0.22002134
0.80000000 0.16000000 0.22265342
0.80000000 0.18000000 0.22519609
0.80000000 0.20000000 0.22763932
0.80000000 0.22000000 0.22997347
0.80000000 0.24000000 0.23218934
0.80000000 0.26000000 0.23427816
0.80000000 0.28000000 0.23623171
0.80000000 0.30000000 0.23804226
0.80000000 0.32000000 0.23970268
0.80000000 0.34000000 0.24120641
0.80000000 0.36000000 0.24254752
0.80000000 0.38000000 0.24372071
0.80000000 0.40000000 0.24472136
0.80000000 0.42000000 0.24554551
0.80000000 0.44000000 0.24618992
0.80000000 0.46000000 0.24665203
0.80000000 0.48000000 0.24693003
0.80000000 0.50000000 0.24702282
0.80000000 0.52000000 0.24693003
0.80000000 0.54000000 0.24665203
0.80000000 0.56000000 0.24618992
0.80000000 0.58000000 0.24554551
0.80000000 0.60000000 0.24472136
0.80000000 0.62000000 0.24372071
0.80000000 0.64000000 0.24254752
0.80000000 0.66000000 0.24120641
0.80000000 0.68000000 0.23970268
0.80000000 0.70000000 0.23804226
0.80000000 0.72000000 0.23623171
0.80000000 0.74000000 0.23427816
0.80000000 0.76000000 0.23218934
0.80000000 0.78000000 0.22997347
0.80000000 0.80000000 0.22763932
0.80000000 0.82000000 0.22519609
0.80000000 0.84000000 0.22265342
0.80000000 0.86000000 0.22002134
0.80000000 0.88000000 0.21731025
0.80000000 0.90000000 0.21453085
0.80000000 0.92000000 0.21169410
0.80000000 0.94000000 0.20881120
0.80000000 0.96000000 0.20589352
0.80000000 0.98000000 0.20295259
0.80000000 1.00000000 0.20000000
0.82000000 0.00000000 0.20000000
0.82000000 0.02000000 0.20269159
0.82000000 0.04000000 0.20537255
0.82000000 0.06000000 0.20803231
0.82000000 0.08000000 0.21066038
0.82000000 0.10000000 0.21324637
0.82000000 0.12000000 0.21578008
0.82000000 0.14000000 0.21825152
0.82000000 0.16000000 0.22065092
0.82000000 0.18000000 0.22296883
0.82000000 0.20000000 0.22519609
0.82000000 0.22000000 0.22732391
0.82000000 0.24000000 0.22934389
0.82000000 0.26000000 0.23124807
0.82000000 0.28000000 0.23302893
0.82000000 0.30000000 0.23467944
0.82000000 0.32000000 0.23619308
0.82000000 0.34000000 0.23756389
0.82000000 0.36000000 0.23878645
0.82000000 0.38000000 0.23985593
0.82000000 0.40000000 0.24076813
0.82000000 0.42000000 0.24151942
0.82000000 0.44000000 0.24210687
0.82000000 0.46000000 0.24252813
0.82000000 0.48000000 0.24278156
0.82000000 0.50000000 0.24286614
0.82000000 0.52000000 0.24278156
0.82000000 0.54000000 0.24252813
0.82000000 0.56000000 0.24210687
0.82000000 0.58000000 0.24151942
0.82000000 0.60000000 0.24076813
0.82000000 0.62000000 0.23985593
0.82000000 0.64000000 0.23878645
0.82000000 0.66000000 0.23756389
0.82000000 0.68000000 0.23619308
0.82000000 0.70000000 0.23467944
0.82000000 0.72000000 0.23302893
0.82000000 0.74000000 0.23124807
0.82000000 0.76000000 0.22934389
0.82000000 0.78000000 0.22732391
0.82000000 0.80000000 0.22519609
0.82000000 0.82000000 0.22296883
0.82000000 0.84000000 0.22065092
0.82000000 0.86000000 0.21825152
0.82000000 0.88000000 0.21578008
0.82000000 0.90000000 0.21324637
0.82000000 0.92000000 0.21066038
0.82000000 0.94000000 0.20803231
0.82000000 0.96000000 0.20537255
0.82000000 0.98000000 0.20269159
0.82000000 1.00000000 0.20000000
0.84000000 0.00000000 0.20000000
0.84000000 0.02000000 0.20241997
0.84000000 0.04000000 0.20483038
0.84000000 0.06000000 0.20722173
0.84000000 0.08000000 0.20958458
0.84000000 0.10000000 0.21190961
0.84000000 0.12000000 0.21418763
0.84000000 0.14000000 0.21640966
0.84000000 0.16000000 0.21856693
0.84000000 0.18000000 0.22065092
0.84000000 0.20000000 0.22265342
0.84000000 0.22000000 0.22456651
0.84000000 0.24000000 0.22638265
0.84000000 0.26000000 0.22809467
0.84000000 0.28000000 0.22969581
0.84000000 0.30000000 0.23117975
0.84000000 0.32000000 0.23254065
0.84000000 0.34000000 0.23377312
0.84000000 0.36000000 0.23487230
0.84000000 0.38000000 0.23583386
0.84000000 0.40000000 0.23665400
0.84000000 0.42000000 0.23732948
0.84000000 0.44000000 0.23785764
0.84000000 0.46000000 0.23823639
0.84000000 0.48000000 0.23846424
0.84000000 0.50000000 0.23854029
0.84000000 0.52000000 0.23846424
0.84000000 0.54000000 0.23823639
0.84000000 0.56000000 0.23785764
0.84000000 0.58000000 0.23732948
0.84000000 0.60000000 0.23665400
0.84000000 0.62000000 0.23583386
0.84000000 0.64000000 0.23487230
0.84000000 0.66000000 0.23377312
0.84000000 0.68000000 0.23254065
0.84000000 0.70000000 0.23117975
0.84000000 0.72000000 0.22969581
0.84000000 0.74000000 0.22809467
0.84000000 0.76000000 0.22638265
0.84000000 0.78000000 0.22456651
0.84000000 0.80000000 0.22265342
0.84000000 0.82000000 0.22065092
0.84000000 0.84000000 0.21856693
0.84000000 0.86000000 0.21640966
0.84000000 0.88000000 0.21418763
0.84000000 0.90000000 0.21190961
0.84000000 0.92000000 0.20958458
0.84000000 0.94000000 0.20722173
0.84000000 0.96000000 0.20483038
0.84000000 0.98000000 0.20241997
0.84000000 1.00000000 0.20000000
0.86000000 0.00000000 0.20000000
0.86000000 0.02000000 0.20213879
0.86000000 0.04000000 0.20426914
0.86000000 0.06000000 0.20638265
0.86000000 0.08000000 0.20847096
0.86000000 0.10000000 0.21052584
0.86000000 0.12000000 0.21253918
0.86000000 0.14000000 0.21450304
0.86000000 0.16000000 0.21640966
0.86000000 0.18000000 0.21825152
0.86000000 0.20000000 0.22002134
0.86000000 0.22000000 0.22171215
0.86000000 0.24000000 0.22331728
0.86000000 0.26000000 0.22483038
0.86000000 0.28000000 0.22624549
0.86000000 0.30000000 0.22755701
0.86000000 0.32000000 0.22875979
0.86000000 0.34000000 0.22984906
0.86000000 0.36000000 0.23082053
0.86000000 0.38000000 0.23167037
0.86000000 0.40000000 0.23239521
0.86000000 0.42000000 0.23299221
0.86000000 0.44000000 0.23345901
0.86000000 0.46000000 0.23379375
0.86000000 0.48000000 0.23399513
0.86000000 0.50000000 0.23406234
0.86000000 0.52000000 0.23399513
0.86000000 0.54000000 0.23379375
0.86000000 0.56000000 0.23345901
0.86000000 0.58000000 0.23299221
0.86000000 0.60000000 0.23239521
0.86000000 0.62000000 0.23167037
0.86000000 0.64000000 0.23082053
0.86000000 0.66000000 0.22984906
0.86000000 0.68000000 0.22875979
0.86000000 0.70000000 0.22755701
0.86000000 0.72000000 0.22624549
0.86000000 0.74000000 0.22483038
0.86000000 0.76000000 0.22331728
0.86000000 0.78000000 0.22171215
0.86000000 0.80000000 0.22002134
0.86000000 0.82000000 0.21825152
0.86000000 0.84000000 0.21640966
0.86000000 0.86000000 0.21450304
0.86000000 0.88000000 0.21253918
0.86000000 0.90000000 0.21052584
0.86000000 0.92000000 0.20847096
0.86000000 0.94000000 0.20638265
0.86000000 0.96000000 0.20426914
0.86000000 0.98000000 0.20213879
0.86000000 1.00000000 0.20000000
0.88000000 0.00000000 0.20000000
0.88000000 0.02000000 0.20184918
0.88000000 0.04000000 0.20369106
0.88000000 0.06000000 0.20551837
0.88000000 0.08000000 0.20732391
0.88000000 0.10000000 0.20910054
0.88000000 0.12000000 0.21084125
0.88000000 0.14000000 0.21253918
0.88000000 0.16000000 0.21418763
0.88000000 0.18000000 0.21578008
0.88000000 0.20000000 0.21731025
0.88000000 0.22000000 0.21877211
0.88000000 0.24000000 0.22015989
0.88000000 0.26000000 0.22146810
0.88000000 0.28000000 0.22269159
0.88000000 0.30000000 0.22382552
0.88000000 0.32000000 0.22486543
0.88000000 0.34000000 0.22580720
0.88000000 0.36000000 0.22664712
0.88000000 0.38000000 0.22738188
0.88000000 0.40000000 0.22800858
0.88000000 0.42000000 0.22852474
0.88000000 0.44000000 0.22892832
0.88000000 0.46000000 0.22921774
0.88000000 0.48000000 0.22939185
0.88000000 0.50000000 0.22944996
0.88000000 0.52000000 0.22939185
0.88000000 0.54000000 0.22921774
0.88000000 0.56000000 0.22892832
0.88000000 0.58000000 0.22852474
0.88000000 0.60000000 0.22800858
0.88000000 0.62000000 0.22738188
0.88000000 0.64000000 0.22664712
0.88000000 0.66000000 0.22580720
0.88000000 0.68000000 0.22486543
0.88000000 0.70000000 0.22382552
0.88000000 0.72000000 0.22269159
0.88000000 0.74000000 0.22146810
0.88000000 0.76000000 0.22015989
0.88000000 0.78000000 0.21877211
0.88000000 0.80000000 0.21731025
0.88000000 0.82000000 0.21578008
0.88000000 0.84000000 0.21418763
0.88000000 0.86000000 0.21253918
0.88000000 0.88000000 0.21084125
0.88000000 0.90000000 0.20910054
0.88000000 0.92000000 0.20732391
0.88000000 0.94000000 0.20551837
0.88000000 0.96000000 0.20369106
0.88000000 0.98000000 0.20184918
0.88000000 1.00000000 0.20000000
0.90000000 0.00000000 0.20000000
0.90000000 0.02000000 0.20155227
0.90000000 0.04000000 0.20309841
0.90000000 0.06000000 0.20463232
0.90000000 0.08000000 0.20614795
0.90000000 0.10000000 0.20763932
0.90000000 0.12000000 0.20910054
0.90000000 0.14000000 0.21052584
0.90000000 0.16000000 0.21190961
0.90000000 0.18000000 0.21324637
0.90000000 0.20000000 0.21453085
0.90000000 0.22000000 0.21575799
0.90000000 0.24000000 0.21692294
0.90000000 0.26000000 0.21802110
0.90000000 0.28000000 0.21904813
0.90000000 0.30000000 0.22000000
0.90000000 0.32000000 0.22087293
0.90000000 0.34000000 0.22166349
0.90000000 0.36000000 0.22236855
0.90000000 0.38000000 0.22298534
0.90000000 0.40000000 0.22351141
0.90000000 0.42000000 0.22394469
0.90000000 0.44000000 0.22428348
0.90000000 0.46000000 0.22452642
0.90000000 0.48000000 0.22467258
0.90000000 0.50000000 0.22472136
0.90000000 0.52000000 0.22467258
0.90000000 0.54000000 0.22452642
0.90000000 0.56000000 0.22428348
0.90000000 0.58000000 0.22394469
0.90000000 0.60000000 0.22351141
0.90000000 0.62000000 0.22298534
0.90000000 0.64000000 0.22236855
0.90000000 0.66000000 0.22166349
0.90000000 0.68000000 0.22087293
0.90000000 0.70000000 0.22000000
0.90000000 0.72000000 0.21904813
0.90000000 0.74000000 0.21802110
0.90000000 0.76000000 0.21692294
0.90000000 0.78000000 0.21575799
0.90000000 0.80000000 0.21453085
0.90000000 0.82000000 0.21324637
0.90000000 0.84000000 0.21190961
0.90000000 0.86000000 0.21052584
0.90000000 0.88000000 0.20910054
0.90000000 0.90000000 0.20763932
0.90000000 0.92000000 0.20614795
0.90000000 0.94000000 0.20463232
0.90000000 0.96000000 0.20309841
0.90000000 0.98000000 0.20155227
0.90000000 1.00000000 0.20000000
0.92000000 0.00000000 0.20000000
0.92000000 0.02000000 0.20124923
0.92000000 0.04000000 0.20249353
0.92000000 0.06000000 0.20372799
0.92000000 0.08000000 0.20494773
0.92000000 0.10000000 0.20614795
0.92000000 0.12000000 0.20732391
0.92000000 0.14000000 0.20847096
0.92000000 0.16000000 0.20958458
0.92000000 0.18000000 0.21066038
0.92000000 0.20000000 0.21169410
0.92000000 0.22000000 0.21268167
0.92000000 0.24000000 0.21361920
0.92000000 0.26000000 0.21450297
0.92000000 0.28000000 0.21532951
0.92000000 0.30000000 0.21609555
0.92000000 0.32000000 0.21679807
0.92000000 0.34000000 0.21743429
0.92000000 0.36000000 0.21800171
0.92000000 0.38000000 0.21849808
0.92000000 0.40000000 0.21892145
0.92000000 0.42000000 0.21927015
0.92000000 0.44000000 0.21954279
0.92000000 0.46000000 0.21973831
0.92000000 0.48000000 0.21985593
0.92000000 0.50000000 0.21989519
0.92000000 0.52000000 0.21985593
0.92000000 0.54000000 0.21973831
0.92000000 0.56000000 0.21954279
0.92000000 0.58000000 0.21927015
0.92000000 0.60000000 0.21892145
0.92000000 0.62000000 0.21849808
0.92000000 0.64000000 0.21800171
0.92000000 0.66000000 0.21743429
0.92000000 0.68000000 0.21679807
0.92000000 0.70000000 0.21609555
0.92000000 0.72000000 0.21532951
0.92000000 0.74000000 0.21450297
0.92000000 0.76000000 0.21361920
0.92000000 0.78000000 0.21268167
0.92000000 0.80000000 0.21169410
0.92000000 0.82000000 0.21066038
0.92000000 0.84000000 0.20958458
0.92000000 0.86000000 0.20847096
0.92000000 0.88000000 0.20732391
0.92000000 0.90000000 0.20614795
0.92000000 0.92000000 0.20494773
0.92000000 0.94000000 0.20372799
0.92000000 0.96000000 0.20249353
0.92000000 0.98000000 0.20124923
0.92000000 1.00000000 0.20000000
0.94000000 0.00000000 0.20000000
0.94000000 0.02000000 0.20094126
0.94000000 0.04000000 0.20187881
0.94000000 0.06000000 0.20280894
0.94000000 0.08000000 0.20372799
0.94000000 0.10000000 0.20463232
0.94000000 0.12000000 0.20551837
0.94000000 0.14000000 0.20638265
0.94000000 0.16000000 0.20722173
0.94000000 0.18000000 0.20803231
0.94000000 0.20000000 0.20881120
0.94000000 0.22000000 0.20955531
0.94000000 0.24000000 0.21026171
0.94000000 0.26000000 0.21092761
0.94000000 0.28000000 0.21155038
0.94000000 0.30000000 0.21212757
0.94000000 0.32000000 0.21265690
0.94000000 0.34000000 0.21313628
0.94000000 0.36000000 0.21356381
0.94000000 0.38000000 0.21393782
0.94000000 0.40000000 0.21425682
0.94000000 0.42000000 0.21451955
0.94000000 0.44000000 0.21472498
0.94000000 0.46000000 0.21487230
0.94000000 0.48000000 0.21496092
0.94000000 0.50000000 0.21499051
0.94000000 0.52000000 0.21496092
0.94000000 0.54000000 0.21487230
0.94000000 0.56000000 0.21472498
0.94000000 0.58000000 0.21451955
0.94000000 0.60000000 0.21425682
0.94000000 0.62000000 0.21393782
0.94000000 0.64000000 0.21356381
0.94000000 0.66000000 0.21313628
0.94000000 0.68000000 0.21265690
0.94000000 0.70000000 0.21212757
0.94000000 0.72000000 0.21155038
0.94000000 0.74000000 0.21092761
0.94000000 0.76000000 0.21026171
0.94000000 0.78000000 0.20955531
0.94000000 0.80000000 0.20881120
0.94000000 0.82000000 0.20803231
0.94000000 0.84000000 0.20722173
0.94000000 0.86000000 0.20638265
0.94000000 0.88000000 0.20551837
0.94000000 0.90000000 0.20463232
0.94000000 0.92000000 0.20372799
0.94000000 0.94000000 0.20280894
0.94000000 0.96000000 0.20187881
0.94000000 0.98000000 0.20094126
0.94000000 1.00000000 0.20000000
0.96000000 0.00000000 0.20000000
0.96000000 0.02000000 0.20062958
0.96000000 0.04000000 0.20125667
0.96000000 0.06000000 0.20187881
0.96000000 0.08000000 0.20249353
0.96000000 0.10000000 0.20309841
0.96000000 0.12000000 0.20369106
0.96000000 0.14000000 0.20426914
0.96000000 0.16000000 0.20483038
0.96000000 0.18000000 0.20537255
0.96000000 0.20000000 0.20589352
0.96000000 0.22000000 0.20639123
0.96000000 0.24000000 0.20686372
0.96000000 0.26000000 0.20730912
0.96000000 0.28000000 0.20772567
0.96000000 0.30000000 0.20811174
0.96000000 0.32000000 0.20846579
0.96000000 0.34000000 0.20878643
0.96000000 0.36000000 0.20907239
0.96000000 0.38000000 0.20932255
0.96000000 0.40000000 0.20953592
0.96000000 0.42000000 0.20971165
0.96000000 0.44000000 0.20984906
0.96000000 0.46000000 0.20994760
0.96000000 0.48000000 0.21000687
0.96000000 0.50000000 0.21002666
0.96000000 0.52000000 0.21000687
0.96000000 0.54000000 0.20994760
0.96000000 0.56000000 0.20984906
0.96000000 0.58000000 0.20971165
0.96000000 0.60000000 0.20953592
0.96000000 0.62000000 0.20932255
0.96000000 0.64000000 0.20907239
0.96000000 0.66000000 0.20878643
0.96000000 0.68000000 0.20846579
0.96000000 0.70000000 0.20811174
0.96000000 0.72000000 0.20772567
0.96000000 0.74000000 0.20730912
0.96000000 0.76000000 0.20686372
0.96000000 0.78000000 0.20639123
0.96000000 0.80000000 0.20589352
0.96000000 0.82000000 0.20537255
0.96000000 0.84000000 0.20483038
0.96000000 0.86000000 0.20426914
0.96000000 0.88000000 0.20369106
0.96000000 0.90000000 0.20309841
0.96000000 0.92000000 0.20249353
0.96000000 0.94000000 0.20187881
0.96000000 0.96000000 0.20125667
0.96000000 0.98000000 0.20062958
0.96000000 1.00000000 0.20000000
0.98000000 0.00000000 0.20000000
0.98000000 0.02000000 0.20031541
0.98000000 0.04000000 0.20062958
0.98000000 0.06000000 0.20094126
0.98000000 0.08000000 0.20124923
0.98000000 0.10000000 0.20155227
0.98000000 0.12000000 0.20184918
0.98000000 0.14000000 0.20213879
0.98000000 0.16000000 0.20241997
0.98000000 0.18000000 0.20269159
0.98000000 0.20000000 0.20295259
0.98000000 0.22000000 0.20320193
0.98000000 0.24000000 0.20343865
0.98000000 0.26000000 0.20366179
0.98000000 0.28000000 0.20387047
0.98000000 0.30000000 0.20406389
0.98000000 0.32000000 0.20424126
0.98000000 0.34000000 0.20440190
0.98000000 0.36000000 0.20454516
0.98000000 0.38000000 0.20467049
0.98000000 0.40000000 0.20477739
0.98000000 0.42000000 0.20486543
0.98000000 0.44000000 0.20493427
0.98000000 0.46000000 0.20498363
0.98000000 0.48000000 0.20501333
0.98000000 0.50000000 0.20502324
0.98000000 0.52000000 0.20501333
0.98000000 0.54000000 0.20498363
0.98000000 0.56000000 0.20493427
0.98000000 0.58000000 0.20486543
0.98000000 0.60000000 0.20477739
0.98000000 0.62000000 0.20467049
0.98000000 0.64000000 0.20454516
0.98000000 0.66000000 0.20440190
0.98000000 0.68000000 0.20424126
0.98000000 0.70000000 0.20406389
0.98000000 0.72000000 0.20387047
0.98000000 0.74000000 0.20366179
0.98000000 0.76000000 0.20343865
0.98000000 0.78000000 0.20320193
0.98000000 0.80000000 0.20295259
0.98000000 0.82000000 0.20269159
0.98000000 0.84000000 0.20241997
0.98000000 0.86000000 0.20213879
0.98000000 0.88000000 0.20184918
0.98000000 0.90000000 0.20155227
0.98000000 0.92000000 0.20124923
0.98000000 0.94000000 0.20094126
0.98000000 0.96000000 0.20062958
0.98000000 0.98000000 0.20031541
0.98000000 1.00000000 0.20000000
1.00000000 0.00000000 0.20000000
1.00000000 0.02000000 0.20000000
1.00000000 0.04000000 0.20000000
1.00000000 0.06000000 0.20000000
1.00000000 0.08000000 0.20000000
1.00000000 0.10000000 0.20000000
1.00000000 0.12000000 0.20000000
1.00000000 0.14000000 0.20000000
1.00000000 0.16000000 0.20000000
1.00000000 0.18000000 0.20000000
1.00000000 0.20000000 0.20000000
1.00000000 0.22000000 0.20000000
1.00000000 0.24000000 0.20000000
1.00000000 0.26000000 0.20000000
1.00000000 0.28000000 0.20000000
1.00000000 0.30000000 0.20000000
1.00000000 0.32000000 0.20000000
1.00000000 0.34000000 0.20000000
1.00000000 0.36000000 0.20000000
1.00000000 0.38000000 0.20000000
1.00000000 0.40000000 0.20000000
1.00000000 0.42000000 0.20000000
1.00000000 0.44000000 0.20000000
1.00000000 0.46000000 0.20000000
1.00000000 0.48000000 0.20000000
1.00000000 0.50000000 0.20000000
1.00000000 0.52000000 0.20000000
1.00000000 0.54000000 0.20000000
1.00000000 0.56000000 0.20000000
1.00000000 0.58000000 0.20000000
1.00000000 0.60000000 0.20000000
1.00000000 0.62000000 0.20000000
1.00000000 0.64000000 0.20000000
1.00000000 0.66000000 0.20000000
1.00000000 0.68000000 0.20000000
1.00000000 0.70000000 0.20000000
1.00000000 0.72000000 0.20000000
1.00000000 0.74000000 0.20000000
1.00000000 0.76000000 0.20000000
1.00000000 0.78000000 0.20000000
1.00000000 0.80000000 0.20000000
1.00000000 0.82000000 0.20000000
1.00000000 0.84000000 0.20000000
1.00000000 0.86000000 0.20000000
1.00000000 0.88000000 0.20000000
1.00000000 0.90000000 0.20000000
1.00000000 0.92000000 0.20000000
1.00000000 0.94000000 0.20000000
1.00000000 0.96000000 0.20000000
1.00000000 0.98000000 0.20000000
1.00000000 1.00000000 0.20000000
