0.00000000 0.00000000 0.00000000
0.05000000 0.00000000 0.00000000
0.10000000 0.00000000 0.00000000
0.15000000 0.00000000 0.00000000
0.20000000 0.00000000 0.00000000
0.25000000 0.00000000 0.00000000
0.30000000 0.00000000 0.00000000
0.35000000 0.00000000 0.00000000
0.40000000 0.00000000 0.00000000
0.45000000 0.00000000 0.00000000
0.50000000 0.00000002 0.00000000
0.55000000 0.00000010 0.00000000
0.60000000 0.00000060 0.00000000
0.65000000 0.00000357 0.00000000
0.70000000 0.00002143 0.00000000
0.75000000 0.00012860 0.00000000
0.80000000 0.00077160 0.00000000
0.85000000 0.00462963 0.00000031
0.90000000 0.02777778 0.00004540
0.95000000 0.16666667 0.00673795
1.00000000 1.00000000 1.00000000
