0.00000000 0.00000000 0.00000000
0.00500000 0.00000000 0.00000000
0.01000000 0.00000000 0.00000000
0.01500000 0.00000000 0.00000000
0.02000000 0.00000000 0.00000000
0.02500000 0.00000000 0.00000000
0.03000000 0.00000000 0.00000000
0.03500000 0.00000000 0.00000000
0.04000000 0.00000000 0.00000000
0.04500000 0.00000000 0.00000000
0.05000000 0.00000000 0.00000000
0.05500000 0.00000000 0.00000000
0.06000000 0.00000000 0.00000000
0.06500000 0.00000000 0.00000000
0.07000000 0.00000000 0.00000000
0.07500000 0.00000000 0.00000000
0.08000000 0.00000000 0.00000000
0.08500000 0.00000000 0.00000000
0.09000000 0.00000000 0.00000000
0.09500000 0.00000000 0.00000000
0.10000000 0.00000000 0.00000000
0.10500000 0.00000000 0.00000000
0.11000000 0.00000000 0.00000000
0.11500000 0.00000000 0.00000000
0.12000000 0.00000000 0.00000000
0.12500000 0.00000000 0.00000000
0.13000000 0.00000000 0.00000000
0.13500000 0.00000000 0.00000000
0.14000000 0.00000000 0.00000000
0.14500000 0.00000000 0.00000000
0.15000000 0.00000000 0.00000000
0.15500000 0.00000000 0.00000000
0.16000000 0.00000000 0.00000000
0.16500000 0.00000000 0.00000000
0.17000000 0.00000000 0.00000000
0.17500000 0.00000000 0.00000000
0.18000000 0.00000000 0.00000000
0.18500000 0.00000000 0.00000000
0.19000000 0.00000000 0.00000000
0.19500000 0.00000000 0.00000000
0.20000000 0.00000000 0.00000000
0.20500000 0.00000000 0.00000000
0.21000000 0.00000000 0.00000000
0.21500000 0.00000000 0.00000000
0.22000000 0.00000000 0.00000000
0.22500000 0.00000000 0.00000000
0.23000000 0.00000000 0.00000000
0.23500000 0.00000000 0.00000000
0.24000000 0.00000000 0.00000000
0.24500000 0.00000000 0.00000000
0.25000000 0.00000000 0.00000000
0.25500000 0.00000000 0.00000000
0.26000000 0.00000000 0.00000000
0.26500000 0.00000000 0.00000000
0.27000000 0.00000000 0.00000000
0.27500000 0.00000000 0.00000000
0.28000000 0.00000000 0.00000000
0.28500000 0.00000000 0.00000000
0.29000000 0.00000000 0.00000000
0.29500000 0.00000000 0.00000000
0.30000000 0.00000000 0.00000000
0.30500000 0.00000000 0.00000000
0.31000000 0.00000000 0.00000000
0.31500000 0.00000000 0.00000000
0.32000000 0.00000000 0.00000000
0.32500000 0.00000000 0.00000000
0.33000000 0.00000000 0.00000000
0.33500000 0.00000000 0.00000000
0.34000000 0.00000000 0.00000000
0.34500000 0.00000000 0.00000000
0.35000000 0.00000000 0.00000000
0.35500000 0.00000000 0.00000000
0.36000000 0.00000000 0.00000000
0.36500000 0.00000000 0.00000000
0.37000000 0.00000000 0.00000000
0.37500000 0.00000000 0.00000000
0.38000000 0.00000000 0.00000000
0.38500000 0.00000000 0.00000000
0.39000000 0.00000000 0.00000000
0.39500000 0.00000000 0.00000000
0.40000000 0.00000000 0.00000000
0.40500000 0.00000000 0.00000000
0.41000000 0.00000000 0.00000000
0.41500000 0.00000000 0.00000000
0.42000000 0.00000000 0.00000000
0.42500000 0.00000000 0.00000000
0.43000000 0.00000000 0.00000000
0.43500000 0.00000000 0.00000000
0.44000000 0.00000000 0.00000000
0.44500000 0.00000000 0.00000000
0.45000000 0.00000000 0.00000000
0.45500000 0.00000000 0.00000000
0.46000000 0.00000000 0.00000000
0.46500000 0.00000000 0.00000000
0.47000000 0.00000000 0.00000000
0.47500000 0.00000000 0.00000000
0.48000000 0.00000000 0.00000000
0.48500000 0.00000000 0.00000000
0.49000000 0.00000000 0.00000000
0.49500000 0.00000000 0.00000000
0.50000000 0.00000000 0.00000000
0.50500000 0.00000000 0.00000000
0.51000000 0.00000000 0.00000000
0.51500000 0.00000000 0.00000000
0.52000000 0.00000000 0.00000000
0.52500000 0.00000000 0.00000000
0.53000000 0.00000000 0.00000000
0.53500000 0.00000000 0.00000000
0.54000000 0.00000000 0.00000000
0.54500000 0.00000000 0.00000000
0.55000000 0.00000000 0.00000000
0.55500000 0.00000000 0.00000000
0.56000000 0.00000000 0.00000000
0.56500000 0.00000000 0.00000000
0.57000000 0.00000000 0.00000000
0.57500000 0.00000000 0.00000000
0.58000000 0.00000000 0.00000000
0.58500000 0.00000000 0.00000000
0.59000000 0.00000000 0.00000000
0.59500000 0.00000000 0.00000000
0.60000000 0.00000000 0.00000000
0.60500000 0.00000000 0.00000000
0.61000000 0.00000000 0.00000000
0.61500000 0.00000000 0.00000000
0.62000000 0.00000000 0.00000000
0.62500000 0.00000000 0.00000000
0.63000000 0.00000000 0.00000000
0.63500000 0.00000000 0.00000000
0.64000000 0.00000000 0.00000000
0.64500000 0.00000000 0.00000000
0.65000000 0.00000000 0.00000000
0.65500000 0.00000000 0.00000000
0.66000000 0.00000000 0.00000000
0.66500000 0.00000000 0.00000000
0.67000000 0.00000000 0.00000000
0.67500000 0.00000000 0.00000000
0.68000000 0.00000000 0.00000000
0.68500000 0.00000000 0.00000000
0.69000000 0.00000000 0.00000000
0.69500000 0.00000000 0.00000000
0.70000000 0.00000000 0.00000000
0.70500000 0.00000000 0.00000000
0.71000000 0.00000000 0.00000000
0.71500000 0.00000000 0.00000000
0.72000000 0.00000000 0.00000000
0.72500000 0.00000000 0.00000000
0.73000000 0.00000000 0.00000000
0.73500000 0.00000000 0.00000000
0.74000000 0.00000000 0.00000000
0.74500000 0.00000000 0.00000000
0.75000000 0.00000000 0.00000000
0.75500000 0.00000000 0.00000000
0.76000000 0.00000000 0.00000000
0.76500000 0.00000001 0.00000000
0.77000000 0.00000001 0.00000000
0.77500000 0.00000001 0.00000000
0.78000000 0.00000002 0.00000000
0.78500000 0.00000003 0.00000000
0.79000000 0.00000004 0.00000000
0.79500000 0.00000006 0.00000000
0.80000000 0.00000009 0.00000000
0.80500000 0.00000014 0.00000000
0.81000000 0.00000020 0.00000001
0.81500000 0.00000031 0.00000001
0.82000000 0.00000046 0.00000002
0.82500000 0.00000069 0.00000003
0.83000000 0.00000103 0.00000004
0.83500000 0.00000155 0.00000007
0.84000000 0.00000232 0.00000011
0.84500000 0.00000348 0.00000019
0.85000000 0.00000522 0.00000031
0.85500000 0.00000782 0.00000050
0.86000000 0.00001173 0.00000083
0.86500000 0.00001760 0.00000137
0.87000000 0.00002640 0.00000226
0.87500000 0.00003960 0.00000373
0.88000000 0.00005940 0.00000614
0.88500000 0.00008910 0.00001013
0.89000000 0.00013366 0.00001670
0.89500000 0.00020049 0.00002754
0.90000000 0.00030073 0.00004540
0.90500000 0.00045109 0.00007485
0.91000000 0.00067664 0.00012341
0.91500000 0.00101496 0.00020347
0.92000000 0.00152244 0.00033546
0.92500000 0.00228366 0.00055308
0.93000000 0.00342549 0.00091188
0.93500000 0.00513823 0.00150344
0.94000000 0.00770735 0.00247875
0.94500000 0.01156102 0.00408677
0.95000000 0.01734153 0.00673795
0.95500000 0.02601229 0.01110900
0.96000000 0.03901844 0.01831564
0.96500000 0.05852766 0.03019738
0.97000000 0.08779150 0.04978707
0.97500000 0.13168724 0.08208500
0.98000000 0.19753086 0.13533528
0.98500000 0.29629630 0.22313016
0.99000000 0.44444444 0.36787944
0.99500000 0.66666667 0.60653066
1.00000000 1.00000000 1.00000000
