0 -0.97057
0.01 -0.970626
0.02 -0.966852
0.03 -0.959262
0.04 -0.947886
0.05 -0.932769
0.06 -0.913971
0.07 -0.891567
0.08 -0.865643
0.09 -0.836303
0.1 -0.803663
0.11 -0.767851
0.12 -0.729008
0.13 -0.687289
0.14 -0.642857
0.15 -0.595888
0.16 -0.546567
0.17 -0.49509
0.18 -0.441658
0.19 -0.386484
0.2 -0.329784
0.21 -0.271782
0.22 -0.212708
0.23 -0.152795
0.24 -0.0922784
0.25 -0.0313978
0.26 0.0296067
0.27 0.0904944
0.28 0.151025
0.29 0.21096
0.3 0.270062
0.31 0.328098
0.32 0.384839
0.33 0.440062
0.34 0.493547
0.35 0.545085
0.36 0.594472
0.37 0.641513
0.38 0.686022
0.39 0.727823
0.4 0.766752
0.41 0.802656
0.42 0.835391
0.43 0.864829
0.44 0.890855
0.45 0.913364
0.46 0.932269
0.47 0.947495
0.48 0.958982
0.49 0.966683
0.5 0.97057
0.51 0.970626
0.52 0.966852
0.53 0.959262
0.54 0.947886
0.55 0.932769
0.56 0.913971
0.57 0.891567
0.58 0.865643
0.59 0.836303
0.6 0.803663
0.61 0.767851
0.62 0.729008
0.63 0.687289
0.64 0.642857
0.65 0.595888
0.66 0.546567
0.67 0.49509
0.68 0.441658
0.69 0.386484
0.7 0.329784
0.71 0.271782
0.72 0.212708
0.73 0.152795
0.74 0.0922784
0.75 0.0313978
0.76 -0.0296067
0.77 -0.0904944
0.78 -0.151025
0.79 -0.21096
0.8 -0.270062
0.81 -0.328098
0.82 -0.384839
0.83 -0.440062
0.84 -0.493547
0.85 -0.545085
0.86 -0.594472
0.87 -0.641513
0.88 -0.686022
0.89 -0.727823
0.9 -0.766752
0.91 -0.802656
0.92 -0.835391
0.93 -0.864829
0.94 -0.890855
0.95 -0.913364
0.96 -0.932269
0.97 -0.947495
0.98 -0.958982
0.99 -0.966683
