0 0.800825
0.01 0.799478
0.02 0.794977
0.03 0.787338
0.04 0.776592
0.05 0.762782
0.06 0.74596
0.07 0.726195
0.08 0.703564
0.09 0.678156
0.1 0.650072
0.11 0.619422
0.12 0.586328
0.13 0.55092
0.14 0.513337
0.15 0.473729
0.16 0.432251
0.17 0.389067
0.18 0.344348
0.19 0.29827
0.2 0.251014
0.21 0.202768
0.22 0.153722
0.23 0.104069
0.24 0.0540051
0.25 0.00372829
0.26 -0.0465633
0.27 -0.096671
0.28 -0.146397
0.29 -0.195546
0.3 -0.243923
0.31 -0.291337
0.32 -0.337601
0.33 -0.382533
0.34 -0.425955
0.35 -0.467697
0.36 -0.507592
0.37 -0.545484
0.38 -0.581224
0.39 -0.614669
0.4 -0.645689
0.41 -0.674161
0.42 -0.699972
0.43 -0.72302
0.44 -0.743215
0.45 -0.760477
0.46 -0.774738
0.47 -0.785941
0.48 -0.794043
0.49 -0.79901
0.5 -0.800825
0.51 -0.799478
0.52 -0.794977
0.53 -0.787338
0.54 -0.776592
0.55 -0.762782
0.56 -0.74596
0.57 -0.726195
0.58 -0.703564
0.59 -0.678156
0.6 -0.650072
0.61 -0.619422
0.62 -0.586328
0.63 -0.55092
0.64 -0.513337
0.65 -0.473729
0.66 -0.432251
0.67 -0.389067
0.68 -0.344348
0.69 -0.29827
0.7 -0.251014
0.71 -0.202768
0.72 -0.153722
0.73 -0.104069
0.74 -0.0540051
0.75 -0.00372829
0.76 0.0465633
0.77 0.096671
0.78 0.146397
0.79 0.195546
0.8 0.243923
0.81 0.291337
0.82 0.337601
0.83 0.382533
0.84 0.425955
0.85 0.467697
0.86 0.507592
0.87 0.545484
0.88 0.581224
0.89 0.614669
0.9 0.645689
0.91 0.674161
0.92 0.699972
0.93 0.72302
0.94 0.743215
0.95 0.760477
0.96 0.774738
0.97 0.785941
0.98 0.794043
0.99 0.79901
