0 -0.0312172
0.01 0.024742
0.02 0.0806035
0.03 0.136147
0.04 0.191153
0.05 0.245405
0.06 0.298688
0.07 0.350792
0.08 0.401512
0.09 0.450648
0.1 0.498005
0.11 0.543396
0.12 0.586643
0.13 0.627575
0.14 0.66603
0.15 0.701857
0.16 0.734913
0.17 0.765069
0.18 0.792206
0.19 0.816217
0.2 0.837006
0.21 0.854492
0.22 0.868605
0.23 0.879291
0.24 0.886506
0.25 0.890223
0.26 0.890427
0.27 0.887116
0.28 0.880304
0.29 0.870019
0.3 0.856299
0.31 0.8392
0.32 0.81879
0.33 0.795147
0.34 0.768367
0.35 0.738555
0.36 0.705827
0.37 0.670314
0.38 0.632156
0.39 0.591503
0.4 0.548515
0.41 0.503363
0.42 0.456224
0.43 0.407285
0.44 0.356738
0.45 0.304783
0.46 0.251626
0.47 0.197475
0.48 0.142546
0.49 0.0870531
0.5 0.0312172
0.51 -0.024742
0.52 -0.0806035
0.53 -0.136147
0.54 -0.191153
0.55 -0.245405
0.56 -0.298688
0.57 -0.350792
0.58 -0.401512
0.59 -0.450648
0.6 -0.498005
0.61 -0.543396
0.62 -0.586643
0.63 -0.627575
0.64 -0.66603
0.65 -0.701857
0.66 -0.734913
0.67 -0.765069
0.68 -0.792206
0.69 -0.816217
0.7 -0.837006
0.71 -0.854492
0.72 -0.868605
0.73 -0.879291
0.74 -0.886506
0.75 -0.890223
0.76 -0.890427
0.77 -0.887116
0.78 -0.880304
0.79 -0.870019
0.8 -0.856299
0.81 -0.8392
0.82 -0.81879
0.83 -0.795147
0.84 -0.768367
0.85 -0.738555
0.86 -0.705827
0.87 -0.670314
0.88 -0.632156
0.89 -0.591503
0.9 -0.548515
0.91 -0.503363
0.92 -0.456224
0.93 -0.407285
0.94 -0.356738
0.95 -0.304783
0.96 -0.251626
0.97 -0.197475
0.98 -0.142546
0.99 -0.0870531
