0 0.0165404
0.01 -0.0427452
0.02 -0.101862
0.03 -0.160577
0.04 -0.218658
0.05 -0.275876
0.06 -0.332006
0.07 -0.386825
0.08 -0.440118
0.09 -0.491673
0.1 -0.541289
0.11 -0.588768
0.12 -0.633923
0.13 -0.676577
0.14 -0.71656
0.15 -0.753716
0.16 -0.787897
0.17 -0.818968
0.18 -0.846808
0.19 -0.871305
0.2 -0.892364
0.21 -0.909901
0.22 -0.923847
0.23 -0.934147
0.24 -0.940761
0.25 -0.943661
0.26 -0.942838
0.27 -0.938293
0.28 -0.930046
0.29 -0.918128
0.3 -0.902587
0.31 -0.883483
0.32 -0.860893
0.33 -0.834905
0.34 -0.805622
0.35 -0.77316
0.36 -0.737647
0.37 -0.699222
0.38 -0.658038
0.39 -0.614257
0.4 -0.568052
0.41 -0.519605
0.42 -0.469107
0.43 -0.416758
0.44 -0.362764
0.45 -0.307338
0.46 -0.2507
0.47 -0.193072
0.48 -0.134682
0.49 -0.0757608
0.5 -0.0165404
0.51 0.0427452
0.52 0.101862
0.53 0.160577
0.54 0.218658
0.55 0.275876
0.56 0.332006
0.57 0.386825
0.58 0.440118
0.59 0.491673
0.6 0.541289
0.61 0.588768
0.62 0.633923
0.63 0.676577
0.64 0.71656
0.65 0.753716
0.66 0.787897
0.67 0.818968
0.68 0.846808
0.69 0.871305
0.7 0.892364
0.71 0.909901
0.72 0.923847
0.73 0.934147
0.74 0.940761
0.75 0.943661
0.76 0.942838
0.77 0.938293
0.78 0.930046
0.79 0.918128
0.8 0.902587
0.81 0.883483
0.82 0.860893
0.83 0.834905
0.84 0.805622
0.85 0.77316
0.86 0.737647
0.87 0.699222
0.88 0.658038
0.89 0.614257
0.9 0.568052
0.91 0.519605
0.92 0.469107
0.93 0.416758
0.94 0.362764
0.95 0.307338
0.96 0.2507
0.97 0.193072
0.98 0.134682
0.99 0.0757608
