0 0.0238217
0.01 -0.0358308
0.02 -0.0953419
0.03 -0.154477
0.04 -0.213002
0.05 -0.270687
0.06 -0.327303
0.07 -0.382627
0.08 -0.436442
0.09 -0.488534
0.1 -0.538698
0.11 -0.586736
0.12 -0.632459
0.13 -0.675685
0.14 -0.716245
0.15 -0.753978
0.16 -0.788736
0.17 -0.820381
0.18 -0.848788
0.19 -0.873845
0.2 -0.895454
0.21 -0.913528
0.22 -0.927998
0.23 -0.938805
0.24 -0.945907
0.25 -0.949276
0.26 -0.948899
0.27 -0.944776
0.28 -0.936925
0.29 -0.925377
0.3 -0.910176
0.31 -0.891384
0.32 -0.869073
0.33 -0.843333
0.34 -0.814265
0.35 -0.781982
0.36 -0.746614
0.37 -0.708299
0.38 -0.667189
0.39 -0.623446
0.4 -0.577243
0.41 -0.528761
0.42 -0.478192
0.43 -0.425737
0.44 -0.371601
0.45 -0.315998
0.46 -0.259149
0.47 -0.201276
0.48 -0.14261
0.49 -0.0833803
0.5 -0.0238217
0.51 0.0358308
0.52 0.0953419
0.53 0.154477
0.54 0.213002
0.55 0.270687
0.56 0.327303
0.57 0.382627
0.58 0.436442
0.59 0.488534
0.6 0.538698
0.61 0.586736
0.62 0.632459
0.63 0.675685
0.64 0.716245
0.65 0.753978
0.66 0.788736
0.67 0.820381
0.68 0.848788
0.69 0.873845
0.7 0.895454
0.71 0.913528
0.72 0.927998
0.73 0.938805
0.74 0.945907
0.75 0.949276
0.76 0.948899
0.77 0.944776
0.78 0.936925
0.79 0.925377
0.8 0.910176
0.81 0.891384
0.82 0.869073
0.83 0.843333
0.84 0.814265
0.85 0.781982
0.86 0.746614
0.87 0.708299
0.88 0.667189
0.89 0.623446
0.9 0.577243
0.91 0.528761
0.92 0.478192
0.93 0.425737
0.94 0.371601
0.95 0.315998
0.96 0.259149
0.97 0.201276
0.98 0.14261
0.99 0.0833803
