0 -0.97385
0.01 -0.973617
0.02 -0.969543
0.03 -0.961642
0.04 -0.949946
0.05 -0.934501
0.06 -0.915368
0.07 -0.892623
0.08 -0.866354
0.09 -0.836667
0.1 -0.803677
0.11 -0.767516
0.12 -0.728326
0.13 -0.686261
0.14 -0.641488
0.15 -0.594184
0.16 -0.544534
0.17 -0.492736
0.18 -0.438993
0.19 -0.383517
0.2 -0.326528
0.21 -0.26825
0.22 -0.208913
0.23 -0.148752
0.24 -0.088004
0.25 -0.0269086
0.26 0.034293
0.27 0.0953593
0.28 0.156049
0.29 0.216123
0.3 0.275344
0.31 0.333479
0.32 0.390297
0.33 0.445575
0.34 0.499095
0.35 0.550645
0.36 0.600022
0.37 0.64703
0.38 0.691486
0.39 0.733212
0.4 0.772044
0.41 0.80783
0.42 0.840428
0.43 0.869708
0.44 0.895557
0.45 0.917871
0.46 0.936562
0.47 0.951558
0.48 0.962798
0.49 0.970238
0.5 0.97385
0.51 0.973617
0.52 0.969543
0.53 0.961642
0.54 0.949946
0.55 0.934501
0.56 0.915368
0.57 0.892623
0.58 0.866354
0.59 0.836667
0.6 0.803677
0.61 0.767516
0.62 0.728326
0.63 0.686261
0.64 0.641488
0.65 0.594184
0.66 0.544534
0.67 0.492736
0.68 0.438993
0.69 0.383517
0.7 0.326528
0.71 0.26825
0.72 0.208913
0.73 0.148752
0.74 0.088004
0.75 0.0269086
0.76 -0.034293
0.77 -0.0953593
0.78 -0.156049
0.79 -0.216123
0.8 -0.275344
0.81 -0.333479
0.82 -0.390297
0.83 -0.445575
0.84 -0.499095
0.85 -0.550645
0.86 -0.600022
0.87 -0.64703
0.88 -0.691486
0.89 -0.733212
0.9 -0.772044
0.91 -0.80783
0.92 -0.840428
0.93 -0.869708
0.94 -0.895557
0.95 -0.917871
0.96 -0.936562
0.97 -0.951558
0.98 -0.962798
0.99 -0.970238
