0 0.925316
0.01 0.924801
0.02 0.920636
0.03 0.912838
0.04 0.901437
0.05 0.886479
0.06 0.868022
0.07 0.846139
0.08 0.820917
0.09 0.792455
0.1 0.760866
0.11 0.726274
0.12 0.688816
0.13 0.648639
0.14 0.605902
0.15 0.560775
0.16 0.513434
0.17 0.464066
0.18 0.412868
0.19 0.36004
0.2 0.305791
0.21 0.250335
0.22 0.193891
0.23 0.136682
0.24 0.0789336
0.25 0.0208737
0.26 -0.0372686
0.27 -0.0952638
0.28 -0.152883
0.29 -0.209899
0.3 -0.266086
0.31 -0.321224
0.32 -0.375093
0.33 -0.427483
0.34 -0.478185
0.35 -0.527
0.36 -0.573735
0.37 -0.618206
0.38 -0.660238
0.39 -0.699663
0.4 -0.736327
0.41 -0.770086
0.42 -0.800805
0.43 -0.828364
0.44 -0.852653
0.45 -0.873578
0.46 -0.891055
0.47 -0.905015
0.48 -0.915404
0.49 -0.92218
0.5 -0.925316
0.51 -0.924801
0.52 -0.920636
0.53 -0.912838
0.54 -0.901437
0.55 -0.886479
0.56 -0.868022
0.57 -0.846139
0.58 -0.820917
0.59 -0.792455
0.6 -0.760866
0.61 -0.726274
0.62 -0.688816
0.63 -0.648639
0.64 -0.605902
0.65 -0.560775
0.66 -0.513434
0.67 -0.464066
0.68 -0.412868
0.69 -0.36004
0.7 -0.305791
0.71 -0.250335
0.72 -0.193891
0.73 -0.136682
0.74 -0.0789336
0.75 -0.0208737
0.76 0.0372686
0.77 0.0952638
0.78 0.152883
0.79 0.209899
0.8 0.266086
0.81 0.321224
0.82 0.375093
0.83 0.427483
0.84 0.478185
0.85 0.527
0.86 0.573735
0.87 0.618206
0.88 0.660238
0.89 0.699663
0.9 0.736327
0.91 0.770086
0.92 0.800805
0.93 0.828364
0.94 0.852653
0.95 0.873578
0.96 0.891055
0.97 0.905015
0.98 0.915404
0.99 0.92218
