0 -0.0180595
0.01 0.0386104
0.02 0.095128
0.03 0.15127
0.04 0.206815
0.05 0.261544
0.06 0.315241
0.07 0.367693
0.08 0.418695
0.09 0.468044
0.1 0.515546
0.11 0.561013
0.12 0.604267
0.13 0.645135
0.14 0.683457
0.15 0.719083
0.16 0.75187
0.17 0.78169
0.18 0.808425
0.19 0.831969
0.2 0.85223
0.21 0.869128
0.22 0.882596
0.23 0.89258
0.24 0.899042
0.25 0.901956
0.26 0.90131
0.27 0.897107
0.28 0.889364
0.29 0.878111
0.3 0.863392
0.31 0.845266
0.32 0.823803
0.33 0.79909
0.34 0.771223
0.35 0.740313
0.36 0.706481
0.37 0.66986
0.38 0.630596
0.39 0.588843
0.4 0.544767
0.41 0.49854
0.42 0.450346
0.43 0.400375
0.44 0.348823
0.45 0.295895
0.46 0.241799
0.47 0.186749
0.48 0.130962
0.49 0.0746581
0.5 0.0180595
0.51 -0.0386104
0.52 -0.095128
0.53 -0.15127
0.54 -0.206815
0.55 -0.261544
0.56 -0.315241
0.57 -0.367693
0.58 -0.418695
0.59 -0.468044
0.6 -0.515546
0.61 -0.561013
0.62 -0.604267
0.63 -0.645135
0.64 -0.683457
0.65 -0.719083
0.66 -0.75187
0.67 -0.78169
0.68 -0.808425
0.69 -0.831969
0.7 -0.85223
0.71 -0.869128
0.72 -0.882596
0.73 -0.89258
0.74 -0.899042
0.75 -0.901956
0.76 -0.90131
0.77 -0.897107
0.78 -0.889364
0.79 -0.878111
0.8 -0.863392
0.81 -0.845266
0.82 -0.823803
0.83 -0.79909
0.84 -0.771223
0.85 -0.740313
0.86 -0.706481
0.87 -0.66986
0.88 -0.630596
0.89 -0.588843
0.9 -0.544767
0.91 -0.49854
0.92 -0.450346
0.93 -0.400375
0.94 -0.348823
0.95 -0.295895
0.96 -0.241799
0.97 -0.186749
0.98 -0.130962
0.99 -0.0746581
