0 -1.09564
0.01 -1.04885
0.02 -1.10499
0.03 -1.02637
0.04 -1.08561
0.05 -0.996954
0.06 -1.04661
0.07 -0.946083
0.08 -1.00232
0.09 -0.869445
0.1 -0.946564
0.11 -0.784582
0.12 -0.861723
0.13 -0.705359
0.14 -0.747198
0.15 -0.625198
0.16 -0.617686
0.17 -0.532509
0.18 -0.485007
0.19 -0.423201
0.2 -0.351644
0.21 -0.305186
0.22 -0.206585
0.23 -0.197326
0.24 -0.0378928
0.25 -0.105549
0.26 0.142571
0.27 -0.0112792
0.28 0.308222
0.29 0.103687
0.3 0.446027
0.31 0.237085
0.32 0.563349
0.33 0.372971
0.34 0.669723
0.35 0.506225
0.36 0.756763
0.37 0.645876
0.38 0.816581
0.39 0.784875
0.4 0.864271
0.41 0.900469
0.42 0.91554
0.43 0.984596
0.44 0.963301
0.45 1.0543
0.46 0.978856
0.47 1.14035
0.48 0.93577
0.49 1.25044
0.5 0.850908
0.51 1.34186
0.52 0.781129
0.53 1.35929
0.54 0.76422
0.55 1.29212
0.56 0.784087
0.57 1.17711
0.58 0.797158
0.59 1.0551
0.6 0.775751
0.61 0.943684
0.62 0.710487
0.63 0.855827
0.64 0.586242
0.65 0.810623
0.66 0.394095
0.67 0.804511
0.68 0.1601
0.69 0.798678
0.7 -0.0654257
0.71 0.749862
0.72 -0.249826
0.73 0.651627
0.74 -0.405546
0.75 0.535093
0.76 -0.558779
0.77 0.414963
0.78 -0.698232
0.79 0.269796
0.8 -0.800458
0.81 0.0978288
0.82 -0.880029
0.83 -0.0738401
0.84 -0.948713
0.85 -0.254154
0.86 -0.972791
0.87 -0.473566
0.88 -0.942667
0.89 -0.700736
0.9 -0.916256
0.91 -0.868644
0.92 -0.937945
0.93 -0.963822
0.94 -0.988125
0.95 -1.01921
0.96 -1.03344
0.97 -1.0536
0.98 -1.06818
0.99 -1.06264
