0 -6.67769e+13
0.01 5.85682e+13
0.02 -4.82834e+13
0.03 3.65815e+13
0.04 -2.40554e+13
0.05 1.10433e+13
0.06 2.47013e+12
0.07 -1.6827e+13
0.08 3.25493e+13
0.09 -5.01087e+13
0.1 6.96816e+13
0.11 -9.09643e+13
0.12 1.13114e+14
0.13 -1.34845e+14
0.14 1.54648e+14
0.15 -1.71082e+14
0.16 1.83024e+14
0.17 -1.89821e+14
0.18 1.913e+14
0.19 -1.87661e+14
0.2 1.79314e+14
0.21 -1.66744e+14
0.22 1.50456e+14
0.23 -1.30993e+14
0.24 1.09005e+14
0.25 -8.52771e+13
0.26 6.06668e+13
0.27 -3.59314e+13
0.28 1.14919e+13
0.29 1.27761e+13
0.3 -3.76199e+13
0.31 6.42851e+13
0.32 -9.41791e+13
0.33 1.28387e+14
0.34 -1.67165e+14
0.35 2.09572e+14
0.36 -2.53362e+14
0.37 2.95224e+14
0.38 -3.31331e+14
0.39 3.58089e+14
0.4 -3.72878e+14
0.41 3.7461e+14
0.42 -3.63959e+14
0.43 3.43233e+14
0.44 -3.15956e+14
0.45 2.86312e+14
0.46 -2.58587e+14
0.47 2.36731e+14
0.48 -2.24063e+14
0.49 2.23077e+14
0.5 -2.3532e+14
0.51 2.6126e+14
0.52 -3.00191e+14
0.53 3.50203e+14
0.54 -4.0831e+14
0.55 4.70765e+14
0.56 -5.33547e+14
0.57 5.92924e+14
0.58 -6.45943e+14
0.59 6.90725e+14
0.6 -7.26474e+14
0.61 7.53235e+14
0.62 -7.71503e+14
0.63 7.81823e+14
0.64 -7.84535e+14
0.65 7.79705e+14
0.66 -7.67213e+14
0.67 7.46894e+14
0.68 -7.18638e+14
0.69 6.82415e+14
0.7 -6.38264e+14
0.71 5.86355e+14
0.72 -5.27168e+14
0.73 4.61774e+14
0.74 -3.92086e+14
0.75 3.20913e+14
0.76 -2.51711e+14
0.77 1.88057e+14
0.78 -1.32998e+14
0.79 8.8505e+13
0.8 -5.52167e+13
0.81 3.25316e+13
0.82 -1.89747e+13
0.83 1.26694e+13
0.84 -1.17412e+13
0.85 1.45547e+13
0.86 -1.97792e+13
0.87 2.63529e+13
0.88 -3.34319e+13
0.89 4.03793e+13
0.9 -4.6792e+13
0.91 5.25218e+13
0.92 -5.76392e+13
0.93 6.23198e+13
0.94 -6.66795e+13
0.95 7.06234e+13
0.96 -7.37778e+13
0.97 7.55433e+13
0.98 -7.52572e+13
0.99 7.24017e+13
