0 1.51783e+44
0.01 -9.60714e+43
0.02 3.61794e+43
0.03 2.74512e+43
0.04 -9.44064e+43
0.05 1.64217e+44
0.06 -2.36254e+44
0.07 3.09627e+44
0.08 -3.83107e+44
0.09 4.551e+44
0.1 -5.23694e+44
0.11 5.86777e+44
0.12 -6.42246e+44
0.13 6.88248e+44
0.14 -7.23458e+44
0.15 7.47321e+44
0.16 -7.60228e+44
0.17 7.63597e+44
0.18 -7.59831e+44
0.19 7.52149e+44
0.2 -7.44322e+44
0.21 7.40325e+44
0.22 -7.43965e+44
0.23 7.58519e+44
0.24 -7.86417e+44
0.25 8.29025e+44
0.26 -8.86518e+44
0.27 9.57881e+44
0.28 -1.04101e+45
0.29 1.13291e+45
0.3 -1.22997e+45
0.31 1.32821e+45
0.32 -1.42365e+45
0.33 1.5125e+45
0.34 -1.59141e+45
0.35 1.65757e+45
0.36 -1.70877e+45
0.37 1.74342e+45
0.38 -1.76049e+45
0.39 1.75944e+45
0.4 -1.74013e+45
0.41 1.70284e+45
0.42 -1.64816e+45
0.43 1.57708e+45
0.44 -1.49094e+45
0.45 1.39155e+45
0.46 -1.28111e+45
0.47 1.16228e+45
0.48 -1.0381e+45
0.49 9.11865e+44
0.5 -7.87e+44
0.51 6.66856e+44
0.52 -5.54505e+44
0.53 4.52547e+44
0.54 -3.62945e+44
0.55 2.86923e+44
0.56 -2.24931e+44
0.57 1.76692e+44
0.58 -1.41296e+44
0.59 1.17357e+44
0.6 -1.03179e+44
0.61 9.6924e+43
0.62 -9.67559e+43
0.63 1.00954e+44
0.64 -1.07982e+44
0.65 1.16517e+44
0.66 -1.25451e+44
0.67 1.3387e+44
0.68 -1.41017e+44
0.69 1.4626e+44
0.7 -1.49065e+44
0.71 1.48984e+44
0.72 -1.45645e+44
0.73 1.38763e+44
0.74 -1.28145e+44
0.75 1.13699e+44
0.76 -9.5431e+43
0.77 7.34434e+43
0.78 -4.79196e+43
0.79 1.91143e+43
0.8 1.26536e+43
0.81 -4.6997e+43
0.82 8.34454e+43
0.83 -1.21421e+44
0.84 1.60213e+44
0.85 -1.98961e+44
0.86 2.36651e+44
0.87 -2.72138e+44
0.88 3.04197e+44
0.89 -3.31589e+44
0.9 3.53146e+44
0.91 -3.67853e+44
0.92 3.74925e+44
0.93 -3.73853e+44
0.94 3.64433e+44
0.95 -3.46751e+44
0.96 3.21153e+44
0.97 -2.88177e+44
0.98 2.48487e+44
0.99 -2.02793e+44
