0 1.90746e+29
0.01 -2.14995e+29
0.02 2.35665e+29
0.03 -2.5166e+29
0.04 2.62095e+29
0.05 -2.66372e+29
0.06 2.64219e+29
0.07 -2.55682e+29
0.08 2.41085e+29
0.09 -2.20971e+29
0.1 1.96023e+29
0.11 -1.66995e+29
0.12 1.34623e+29
0.13 -9.95521e+28
0.14 6.22534e+28
0.15 -2.29764e+28
0.16 -1.82678e+28
0.17 6.16588e+28
0.18 -1.07453e+29
0.19 1.55807e+29
0.2 -2.06571e+29
0.21 2.59097e+29
0.22 -3.12119e+29
0.23 3.63749e+29
0.24 -4.1162e+29
0.25 4.53163e+29
0.26 -4.85978e+29
0.27 5.08244e+29
0.28 -5.19066e+29
0.29 5.18712e+29
0.3 -5.08688e+29
0.31 4.91626e+29
0.32 -4.71026e+29
0.33 4.50882e+29
0.34 -4.35262e+29
0.35 4.2789e+29
0.36 -4.31783e+29
0.37 4.4897e+29
0.38 -4.80322e+29
0.39 5.25493e+29
0.4 -5.82977e+29
0.41 6.50276e+29
0.42 -7.24168e+29
0.43 8.01027e+29
0.44 -8.77172e+29
0.45 9.49187e+29
0.46 -1.01417e+30
0.47 1.06986e+30
0.48 -1.11469e+30
0.49 1.14772e+30
0.5 -1.16845e+30
0.51 1.17672e+30
0.52 -1.17258e+30
0.53 1.15612e+30
0.54 -1.12752e+30
0.55 1.08705e+30
0.56 -1.0351e+30
0.57 9.72336e+29
0.58 -8.99758e+29
0.59 8.18812e+29
0.6 -7.31438e+29
0.61 6.40064e+29
0.62 -5.47516e+29
0.63 4.56846e+29
0.64 -3.71083e+29
0.65 2.92957e+29
0.66 -2.24635e+29
0.67 1.67524e+29
0.68 -1.22184e+29
0.69 8.83593e+28
0.7 -6.51107e+28
0.71 5.10183e+28
0.72 -4.44052e+28
0.73 4.35425e+28
0.74 -4.68096e+28
0.75 5.27962e+28
0.76 -6.03516e+28
0.77 6.85874e+28
0.78 -7.68475e+28
0.79 8.46555e+28
0.8 -9.16513e+28
0.81 9.75285e+28
0.82 -1.01984e+29
0.83 1.04695e+29
0.84 -1.05321e+29
0.85 1.03534e+29
0.86 -9.90712e+28
0.87 9.17769e+28
0.88 -8.16306e+28
0.89 6.87431e+28
0.9 -5.33217e+28
0.91 3.56146e+28
0.92 -1.58542e+28
0.93 -5.77838e+27
0.94 2.9153e+28
0.95 -5.41491e+28
0.96 8.05828e+28
0.97 -1.08124e+29
0.98 1.36227e+29
0.99 -1.64105e+29
