0 0.00413501
0.01 0.0669416
0.02 0.129484
0.03 0.191515
0.04 0.252791
0.05 0.313069
0.06 0.372111
0.07 0.429685
0.08 0.485563
0.09 0.539525
0.1 0.591357
0.11 0.640856
0.12 0.687825
0.13 0.73208
0.14 0.773446
0.15 0.81176
0.16 0.846869
0.17 0.878637
0.18 0.906937
0.19 0.931657
0.2 0.952701
0.21 0.969985
0.22 0.983441
0.23 0.993016
0.24 0.998671
0.25 1.00039
0.26 0.998152
0.27 0.991979
0.28 0.981891
0.29 0.967929
0.3 0.950146
0.31 0.928613
0.32 0.903416
0.33 0.874653
0.34 0.842438
0.35 0.806899
0.36 0.768175
0.37 0.726419
0.38 0.681797
0.39 0.634484
0.4 0.584667
0.41 0.532542
0.42 0.478316
0.43 0.422202
0.44 0.364422
0.45 0.305204
0.46 0.244781
0.47 0.183392
0.48 0.121279
0.49 0.0586879
0.5 -0.00413501
0.51 -0.0669416
0.52 -0.129484
0.53 -0.191515
0.54 -0.252791
0.55 -0.313069
0.56 -0.372111
0.57 -0.429685
0.58 -0.485563
0.59 -0.539525
0.6 -0.591357
0.61 -0.640856
0.62 -0.687825
0.63 -0.73208
0.64 -0.773446
0.65 -0.81176
0.66 -0.846869
0.67 -0.878637
0.68 -0.906937
0.69 -0.931657
0.7 -0.952701
0.71 -0.969985
0.72 -0.983441
0.73 -0.993016
0.74 -0.998671
0.75 -1.00039
0.76 -0.998152
0.77 -0.991979
0.78 -0.981891
0.79 -0.967929
0.8 -0.950146
0.81 -0.928613
0.82 -0.903416
0.83 -0.874653
0.84 -0.842438
0.85 -0.806899
0.86 -0.768175
0.87 -0.726419
0.88 -0.681797
0.89 -0.634484
0.9 -0.584667
0.91 -0.532542
0.92 -0.478316
0.93 -0.422202
0.94 -0.364422
0.95 -0.305204
0.96 -0.244781
0.97 -0.183392
0.98 -0.121279
0.99 -0.0586879
