0.0135 1.01405
0.027 1.0285
0.0405 1.04342
0.054 1.05811
0.0675 1.99074
0.081 3.58982
0.0945 8.84118
0.108 19.4067
0.1215 45.6934
0.135 102.003
0.1485 301.093
0.162 901.253
0.1755 2384.58
0.189 5393.8
0.2025 14385.2
0.216 46241.7
0.2295 124755
0.243 305961
0.2565 711933
0.27 2.33697e+06
0.2835 6.98128e+06
0.297 1.87707e+07
0.3105 4.36072e+07
0.324 1.26225e+08
0.3375 4.03505e+08
0.351 1.10787e+09
0.3645 2.7186e+09
0.378 6.75786e+09
0.3915 2.22471e+10
0.405 6.69541e+10
0.4185 1.77887e+11
0.432 4.11411e+11
0.4455 1.28949e+12
0.459 4.04775e+12
0.4725 1.10694e+13
0.486 2.72042e+13
0.4995 7.14068e+13
0.513 2.3465e+14
0.5265 7.03424e+14
0.54 1.83826e+15
0.5535 4.19756e+15
0.567 1.41344e+16
0.5805 4.3526e+16
0.594 1.17848e+17
0.6075 2.89308e+17
0.621 7.9791e+17
0.6345 2.6555e+18
0.648 7.76274e+18
0.6615 1.99455e+19
0.675 4.58428e+19
0.6885 1.61179e+20
0.702 4.87419e+20
0.7155 1.32475e+21
0.729 3.18943e+21
0.7425 9.41157e+21
0.756 3.0859e+22
0.7695 8.82856e+22
0.783 2.23136e+23
0.7965 5.49995e+23
0.81 1.88414e+24
0.8235 5.65249e+24
0.837 1.52673e+25
0.8505 3.59875e+25
0.864 1.14278e+26
0.8775 3.6492e+26
0.891 1.02434e+27
0.9045 2.54818e+27
0.918 6.68814e+27
0.9315 2.24937e+28
0.945 6.75333e+28
0.9585 1.78549e+29
0.972 4.12552e+29
0.9855 1.39921e+30
0.999 4.36832e+30
1.0125 1.20528e+31
1.026 2.95329e+31
1.0395 8.25592e+31
1.053 2.77331e+32
1.0665 8.1356e+32
1.08 2.11012e+33
1.0935 4.87092e+33
1.107 1.72384e+34
1.1205 5.27593e+34
1.134 1.44902e+35
1.1475 3.49819e+35
1.161 1.04865e+36
1.1745 3.43062e+36
1.188 9.86186e+36
1.2015 2.51316e+37
1.215 6.17981e+37
1.2285 2.13388e+38
1.242 6.52301e+38
1.2555 1.76109e+39
1.269 4.1659e+39
1.2825 1.3309e+40
1.296 4.2552e+40
1.3095 1.20115e+41
1.323 3.01072e+41
1.3365 7.90263e+41
1.35 2.70949e+42
1.3635 8.10584e+42
1.377 2.14675e+43
1.3905 4.98089e+43
1.404 1.68856e+44
1.4175 5.28964e+44
1.431 1.47777e+45
1.4445 3.64408e+45
1.458 1.02872e+46
1.4715 3.43788e+46
1.485 1.00812e+47
1.4985 2.62297e+47
1.512 6.03261e+47
1.5255 2.14693e+48
1.539 6.68236e+48
1.5525 1.83752e+49
1.566 4.44247e+49
1.5795 1.33371e+50
1.593 4.35726e+50
1.6065 1.25471e+51
1.62 3.21068e+51
1.6335 7.93857e+51
1.647 2.77841e+52
1.6605 8.46331e+52
1.674 2.2842e+53
1.6875 5.41935e+53
1.701 1.72392e+54
1.7145 5.51821e+54
1.728 1.57378e+55
1.7415 3.95884e+55
1.755 1.0495e+56
1.7685 3.58263e+56
1.782 1.07025e+57
1.7955 2.83881e+57
1.809 6.61364e+57
1.8225 2.24228e+58
1.836 7.09929e+58
1.8495 1.98642e+59
1.863 4.90308e+59
1.8765 1.38012e+60
1.89 4.60676e+60
1.9035 1.35178e+61
1.917 3.52733e+61
1.9305 8.20782e+61
1.944 2.93683e+62
1.9575 9.10703e+62
1.971 2.50269e+63
1.9845 6.06644e+63
1.998 1.80729e+64
2.0115 5.94346e+64
2.025 1.72361e+65
2.0385 4.41944e+65
2.052 1.09705e+66
2.0655 3.82959e+66
2.079 1.16517e+67
2.0925 3.14836e+67
2.106 7.49862e+67
2.1195 2.39682e+68
2.133 7.72459e+68
2.1465 2.19868e+69
2.16 5.53639e+69
2.1735 1.45781e+70
2.187 4.97594e+70
2.2005 1.4911e+71
2.214 3.96644e+71
2.2275 9.26e+71
2.241 3.16668e+72
2.2545 1.00011e+73
2.268 2.79747e+73
2.2815 6.92268e+73
2.295 1.9443e+74
2.3085 6.52533e+74
2.322 1.92387e+75
2.3355 5.02548e+75
2.349 1.16443e+76
2.3625 4.16412e+76
2.376 1.29074e+77
2.3895 3.55151e+77
2.403 8.64138e+77
2.4165 2.60126e+78
2.43 8.54282e+78
2.4435 2.47366e+79
2.457 6.35057e+79
2.4705 1.5647e+80
2.484 5.48464e+80
2.4975 1.67581e+81
2.511 4.53632e+81
2.5245 1.07696e+82
2.538 3.46029e+82
2.5515 1.11391e+83
2.565 3.17122e+83
2.5785 8.00639e+83
2.592 2.11931e+84
2.6055 7.25649e+84
2.619 2.17599e+85
2.6325 5.78872e+85
2.646 1.34622e+86
2.6595 4.58193e+86
2.673 1.4524e+87
2.6865 4.0714e+87
2.7 1.00727e+88
