0 -0.0020671
0.01 -0.0648658
0.02 -0.127408
0.03 -0.189448
0.04 -0.250741
0.05 -0.311043
0.06 -0.370118
0.07 -0.427733
0.08 -0.483659
0.09 -0.537677
0.1 -0.589572
0.11 -0.639141
0.12 -0.686187
0.13 -0.730526
0.14 -0.771981
0.15 -0.81039
0.16 -0.8456
0.17 -0.877473
0.18 -0.905884
0.19 -0.930719
0.2 -0.951881
0.21 -0.969286
0.22 -0.982866
0.23 -0.992567
0.24 -0.998351
0.25 -1.0002
0.26 -0.998092
0.27 -0.992049
0.28 -0.982091
0.29 -0.968258
0.3 -0.950603
0.31 -0.929197
0.32 -0.904123
0.33 -0.875482
0.34 -0.843385
0.35 -0.80796
0.36 -0.769346
0.37 -0.727696
0.38 -0.683174
0.39 -0.635956
0.4 -0.586228
0.41 -0.534186
0.42 -0.480036
0.43 -0.423992
0.44 -0.366274
0.45 -0.307111
0.46 -0.246736
0.47 -0.185387
0.48 -0.123307
0.49 -0.0607397
0.5 0.0020671
0.51 0.0648658
0.52 0.127408
0.53 0.189448
0.54 0.250741
0.55 0.311043
0.56 0.370118
0.57 0.427733
0.58 0.483659
0.59 0.537677
0.6 0.589572
0.61 0.639141
0.62 0.686187
0.63 0.730526
0.64 0.771981
0.65 0.81039
0.66 0.8456
0.67 0.877473
0.68 0.905884
0.69 0.930719
0.7 0.951881
0.71 0.969286
0.72 0.982866
0.73 0.992567
0.74 0.998351
0.75 1.0002
0.76 0.998092
0.77 0.992049
0.78 0.982091
0.79 0.968258
0.8 0.950603
0.81 0.929197
0.82 0.904123
0.83 0.875482
0.84 0.843385
0.85 0.80796
0.86 0.769346
0.87 0.727696
0.88 0.683174
0.89 0.635956
0.9 0.586228
0.91 0.534186
0.92 0.480036
0.93 0.423992
0.94 0.366274
0.95 0.307111
0.96 0.246736
0.97 0.185387
0.98 0.123307
0.99 0.0607397
