0 0.0082732
0.01 0.0710948
0.02 0.133636
0.03 0.195649
0.04 0.256891
0.05 0.317118
0.06 0.376095
0.07 0.433586
0.08 0.489367
0.09 0.543216
0.1 0.594922
0.11 0.64428
0.12 0.691095
0.13 0.735182
0.14 0.776368
0.15 0.81449
0.16 0.849398
0.17 0.880954
0.18 0.909032
0.19 0.933524
0.2 0.954331
0.21 0.971372
0.22 0.984579
0.23 0.9939
0.24 0.999299
0.25 1.00075
0.26 0.99826
0.27 0.991826
0.28 0.981478
0.29 0.967257
0.3 0.949218
0.31 0.927433
0.32 0.901987
0.33 0.872982
0.34 0.840532
0.35 0.804765
0.36 0.765821
0.37 0.723855
0.38 0.679033
0.39 0.63153
0.4 0.581536
0.41 0.529246
0.42 0.474867
0.43 0.418615
0.44 0.36071
0.45 0.301382
0.46 0.240864
0.47 0.179396
0.48 0.11722
0.49 0.054581
0.5 -0.0082732
0.51 -0.0710948
0.52 -0.133636
0.53 -0.195649
0.54 -0.256891
0.55 -0.317118
0.56 -0.376095
0.57 -0.433586
0.58 -0.489367
0.59 -0.543216
0.6 -0.594922
0.61 -0.64428
0.62 -0.691095
0.63 -0.735182
0.64 -0.776368
0.65 -0.81449
0.66 -0.849398
0.67 -0.880954
0.68 -0.909032
0.69 -0.933524
0.7 -0.954331
0.71 -0.971372
0.72 -0.984579
0.73 -0.9939
0.74 -0.999299
0.75 -1.00075
0.76 -0.99826
0.77 -0.991826
0.78 -0.981478
0.79 -0.967257
0.8 -0.949218
0.81 -0.927433
0.82 -0.901987
0.83 -0.872982
0.84 -0.840532
0.85 -0.804765
0.86 -0.765821
0.87 -0.723855
0.88 -0.679033
0.89 -0.63153
0.9 -0.581536
0.91 -0.529246
0.92 -0.474867
0.93 -0.418615
0.94 -0.36071
0.95 -0.301382
0.96 -0.240864
0.97 -0.179396
0.98 -0.11722
0.99 -0.054581
