0 -0.00620371
0.01 -0.0690179
0.02 -0.13156
0.03 -0.193582
0.04 -0.254841
0.05 -0.315094
0.06 -0.374103
0.07 -0.431636
0.08 -0.487466
0.09 -0.541371
0.1 -0.593141
0.11 -0.642569
0.12 -0.689461
0.13 -0.733633
0.14 -0.774909
0.15 -0.813126
0.16 -0.848135
0.17 -0.879797
0.18 -0.907986
0.19 -0.932592
0.2 -0.953518
0.21 -0.97068
0.22 -0.984012
0.23 -0.99346
0.24 -0.998987
0.25 -1.00057
0.26 -0.998208
0.27 -0.991905
0.28 -0.981687
0.29 -0.967595
0.3 -0.949684
0.31 -0.928025
0.32 -0.902704
0.33 -0.87382
0.34 -0.841487
0.35 -0.805834
0.36 -0.767
0.37 -0.725139
0.38 -0.680417
0.39 -0.633009
0.4 -0.583103
0.41 -0.530896
0.42 -0.476593
0.43 -0.42041
0.44 -0.362567
0.45 -0.303294
0.46 -0.242823
0.47 -0.181395
0.48 -0.11925
0.49 -0.056635
0.5 0.00620371
0.51 0.0690179
0.52 0.13156
0.53 0.193582
0.54 0.254841
0.55 0.315094
0.56 0.374103
0.57 0.431636
0.58 0.487466
0.59 0.541371
0.6 0.593141
0.61 0.642569
0.62 0.689461
0.63 0.733633
0.64 0.774909
0.65 0.813126
0.66 0.848135
0.67 0.879797
0.68 0.907986
0.69 0.932592
0.7 0.953518
0.71 0.97068
0.72 0.984012
0.73 0.99346
0.74 0.998987
0.75 1.00057
0.76 0.998208
0.77 0.991905
0.78 0.981687
0.79 0.967595
0.8 0.949684
0.81 0.928025
0.82 0.902704
0.83 0.87382
0.84 0.841487
0.85 0.805834
0.86 0.767
0.87 0.725139
0.88 0.680417
0.89 0.633009
0.9 0.583103
0.91 0.530896
0.92 0.476593
0.93 0.42041
0.94 0.362567
0.95 0.303294
0.96 0.242823
0.97 0.181395
0.98 0.11925
0.99 0.056635
