0 0.0784086
0.01 0.0156567
0.02 -0.047157
0.03 -0.109785
0.04 -0.171979
0.05 -0.233495
0.06 -0.294089
0.07 -0.353522
0.08 -0.411561
0.09 -0.467975
0.1 -0.522542
0.11 -0.575047
0.12 -0.625282
0.13 -0.67305
0.14 -0.718162
0.15 -0.760439
0.16 -0.799715
0.17 -0.835835
0.18 -0.868657
0.19 -0.89805
0.2 -0.923899
0.21 -0.946102
0.22 -0.964571
0.23 -0.979233
0.24 -0.990031
0.25 -0.996921
0.26 -0.999877
0.27 -0.998887
0.28 -0.993955
0.29 -0.985101
0.3 -0.972358
0.31 -0.955778
0.32 -0.935426
0.33 -0.911382
0.34 -0.883742
0.35 -0.852614
0.36 -0.818121
0.37 -0.780399
0.38 -0.739597
0.39 -0.695876
0.4 -0.64941
0.41 -0.60038
0.42 -0.54898
0.43 -0.495415
0.44 -0.439894
0.45 -0.382637
0.46 -0.323869
0.47 -0.263824
0.48 -0.202738
0.49 -0.140851
0.5 -0.0784086
0.51 -0.0156567
0.52 0.047157
0.53 0.109785
0.54 0.171979
0.55 0.233495
0.56 0.294089
0.57 0.353522
0.58 0.411561
0.59 0.467975
0.6 0.522542
0.61 0.575047
0.62 0.625282
0.63 0.67305
0.64 0.718162
0.65 0.760439
0.66 0.799715
0.67 0.835835
0.68 0.868657
0.69 0.89805
0.7 0.923899
0.71 0.946102
0.72 0.964571
0.73 0.979233
0.74 0.990031
0.75 0.996921
0.76 0.999877
0.77 0.998887
0.78 0.993955
0.79 0.985101
0.8 0.972358
0.81 0.955778
0.82 0.935426
0.83 0.911382
0.84 0.883742
0.85 0.852614
0.86 0.818121
0.87 0.780399
0.88 0.739597
0.89 0.695876
0.9 0.64941
0.91 0.60038
0.92 0.54898
0.93 0.495415
0.94 0.439894
0.95 0.382637
0.96 0.323869
0.97 0.263824
0.98 0.202738
0.99 0.140851
