0 0.993077
0.01 0.998493
0.02 0.999969
0.03 0.997497
0.04 0.99109
0.05 0.98077
0.06 0.966581
0.07 0.948576
0.08 0.926828
0.09 0.901422
0.1 0.872459
0.11 0.840052
0.12 0.80433
0.13 0.765434
0.14 0.723517
0.15 0.678745
0.16 0.631294
0.17 0.581351
0.18 0.529115
0.19 0.47479
0.2 0.418591
0.21 0.36074
0.22 0.301466
0.23 0.241001
0.24 0.179586
0.25 0.117462
0.26 0.0548743
0.27 -0.00792988
0.28 -0.0707028
0.29 -0.133197
0.3 -0.195165
0.31 -0.256363
0.32 -0.316549
0.33 -0.375486
0.34 -0.432941
0.35 -0.488688
0.36 -0.542505
0.37 -0.594182
0.38 -0.643514
0.39 -0.690306
0.4 -0.734374
0.41 -0.775544
0.42 -0.813653
0.43 -0.84855
0.44 -0.880099
0.45 -0.908175
0.46 -0.932666
0.47 -0.953477
0.48 -0.970525
0.49 -0.983742
0.5 -0.993077
0.51 -0.998493
0.52 -0.999969
0.53 -0.997497
0.54 -0.99109
0.55 -0.98077
0.56 -0.966581
0.57 -0.948576
0.58 -0.926828
0.59 -0.901422
0.6 -0.872459
0.61 -0.840052
0.62 -0.80433
0.63 -0.765434
0.64 -0.723517
0.65 -0.678745
0.66 -0.631294
0.67 -0.581351
0.68 -0.529115
0.69 -0.47479
0.7 -0.418591
0.71 -0.36074
0.72 -0.301466
0.73 -0.241001
0.74 -0.179586
0.75 -0.117462
0.76 -0.0548743
0.77 0.00792988
0.78 0.0707028
0.79 0.133197
0.8 0.195165
0.81 0.256363
0.82 0.316549
0.83 0.375486
0.84 0.432941
0.85 0.488688
0.86 0.542505
0.87 0.594182
0.88 0.643514
0.89 0.690306
0.9 0.734374
0.91 0.775544
0.92 0.813653
0.93 0.84855
0.94 0.880099
0.95 0.908175
0.96 0.932666
0.97 0.953477
0.98 0.970525
0.99 0.983742
