0 -0.0228063
0.01 0.0400129
0.02 0.102674
0.03 0.16493
0.04 0.226535
0.05 0.287247
0.06 0.346824
0.07 0.405033
0.08 0.461643
0.09 0.516431
0.1 0.569182
0.11 0.619686
0.12 0.667744
0.13 0.713167
0.14 0.755776
0.15 0.795401
0.16 0.831888
0.17 0.865092
0.18 0.894881
0.19 0.921139
0.2 0.943762
0.21 0.96266
0.22 0.977758
0.23 0.988998
0.24 0.996335
0.25 0.99974
0.26 0.999199
0.27 0.994715
0.28 0.986305
0.29 0.974003
0.3 0.957857
0.31 0.93793
0.32 0.914302
0.33 0.887066
0.34 0.856329
0.35 0.822212
0.36 0.78485
0.37 0.744391
0.38 0.700994
0.39 0.654831
0.4 0.606083
0.41 0.554943
0.42 0.501614
0.43 0.446304
0.44 0.389234
0.45 0.330627
0.46 0.270715
0.47 0.209735
0.48 0.147927
0.49 0.0855355
0.5 0.0228063
0.51 -0.0400129
0.52 -0.102674
0.53 -0.16493
0.54 -0.226535
0.55 -0.287247
0.56 -0.346824
0.57 -0.405033
0.58 -0.461643
0.59 -0.516431
0.6 -0.569182
0.61 -0.619686
0.62 -0.667744
0.63 -0.713167
0.64 -0.755776
0.65 -0.795401
0.66 -0.831888
0.67 -0.865092
0.68 -0.894881
0.69 -0.921139
0.7 -0.943762
0.71 -0.96266
0.72 -0.977758
0.73 -0.988998
0.74 -0.996335
0.75 -0.99974
0.76 -0.999199
0.77 -0.994715
0.78 -0.986305
0.79 -0.974003
0.8 -0.957857
0.81 -0.93793
0.82 -0.914302
0.83 -0.887066
0.84 -0.856329
0.85 -0.822212
0.86 -0.78485
0.87 -0.744391
0.88 -0.700994
0.89 -0.654831
0.9 -0.606083
0.91 -0.554943
0.92 -0.501614
0.93 -0.446304
0.94 -0.389234
0.95 -0.330627
0.96 -0.270715
0.97 -0.209735
0.98 -0.147927
0.99 -0.0855355
