0 -0.99923
0.01 -0.999722
0.02 -0.996268
0.03 -0.988883
0.04 -0.977595
0.05 -0.962448
0.06 -0.943504
0.07 -0.920836
0.08 -0.894533
0.09 -0.864701
0.1 -0.831456
0.11 -0.794929
0.12 -0.755265
0.13 -0.712621
0.14 -0.667164
0.15 -0.619074
0.16 -0.568541
0.17 -0.515764
0.18 -0.460952
0.19 -0.40432
0.2 -0.346093
0.21 -0.2865
0.22 -0.225777
0.23 -0.164162
0.24 -0.101899
0.25 -0.0392345
0.26 0.0235851
0.27 0.0863116
0.28 0.148697
0.29 0.210497
0.3 0.271465
0.31 0.331362
0.32 0.389951
0.33 0.447001
0.34 0.502287
0.35 0.555591
0.36 0.606702
0.37 0.655419
0.38 0.701549
0.39 0.744911
0.4 0.785333
0.41 0.822655
0.42 0.856731
0.43 0.887425
0.44 0.914617
0.45 0.9382
0.46 0.95808
0.47 0.974179
0.48 0.986433
0.49 0.994795
0.5 0.99923
0.51 0.999722
0.52 0.996268
0.53 0.988883
0.54 0.977595
0.55 0.962448
0.56 0.943504
0.57 0.920836
0.58 0.894533
0.59 0.864701
0.6 0.831456
0.61 0.794929
0.62 0.755265
0.63 0.712621
0.64 0.667164
0.65 0.619074
0.66 0.568541
0.67 0.515764
0.68 0.460952
0.69 0.40432
0.7 0.346093
0.71 0.2865
0.72 0.225777
0.73 0.164162
0.74 0.101899
0.75 0.0392345
0.76 -0.0235851
0.77 -0.0863116
0.78 -0.148697
0.79 -0.210497
0.8 -0.271465
0.81 -0.331362
0.82 -0.389951
0.83 -0.447001
0.84 -0.502287
0.85 -0.555591
0.86 -0.606702
0.87 -0.655419
0.88 -0.701549
0.89 -0.744911
0.9 -0.785333
0.91 -0.822655
0.92 -0.856731
0.93 -0.887425
0.94 -0.914617
0.95 -0.9382
0.96 -0.95808
0.97 -0.974179
0.98 -0.986433
0.99 -0.994795
