0 -1.12269e+06
0.01 1.07234e+06
0.02 -1.01648e+06
0.03 949084
0.04 -862518
0.05 752338
0.06 -621249
0.07 479838
0.08 -343460
0.09 226843
0.1 -139184
0.11 81961.5
0.12 -50095.9
0.13 35305.6
0.14 -29815.8
0.15 28705.7
0.16 -30308.3
0.17 34953.5
0.18 -43166.5
0.19 54292.4
0.2 -66274.9
0.21 76438.3
0.22 -82794.7
0.23 84978
0.24 -84370.8
0.25 83251.6
0.26 -83544
0.27 85749.1
0.28 -88744
0.29 90394.8
0.3 -88682.2
0.31 82556.7
0.32 -72204.8
0.33 58617.9
0.34 -42971.9
0.35 26094.5
0.36 -8267.78
0.37 -10865
0.38 32281.3
0.39 -57458.9
0.4 87849.8
0.41 -124048
0.42 164942
0.43 -207492
0.44 247382
0.45 -280373
0.46 303661
0.47 -316654
0.48 320842
0.49 -318930
0.5 313575
0.51 -306181
0.52 296188
0.53 -281260
0.54 258438
0.55 -225835
0.56 184038
0.57 -136410
0.58 88090.3
0.59 -44126.2
0.6 7557.45
0.61 21903.6
0.62 -48202.1
0.63 78227.8
0.64 -120010
0.65 180146
0.66 -261050
0.67 359154
0.68 -464885
0.69 564815
0.7 -645171
0.71 695507
0.72 -711113
0.73 693588
0.74 -649553
0.75 588356
0.76 -519590
0.77 451405
0.78 -389928
0.79 339859
0.8 -305511
0.81 291612
0.82 -303105
0.83 343995
0.84 -415604
0.85 515174
0.86 -635386
0.87 765269
0.88 -892274
0.89 1.00508e+06
0.9 -1.09617e+06
0.91 1.16321e+06
0.92 -1.20862e+06
0.93 1.23736e+06
0.94 -1.25395e+06
0.95 1.26037e+06
0.96 -1.2559e+06
0.97 1.23891e+06
0.98 -1.20918e+06
0.99 1.16914e+06
