0 1.09706e+27
0.01 -1.10762e+27
0.02 1.10651e+27
0.03 -1.09447e+27
0.04 1.07209e+27
0.05 -1.0398e+27
0.06 9.9783e+26
0.07 -9.46274e+26
0.08 8.85237e+26
0.09 -8.1508e+26
0.1 7.36685e+26
0.11 -6.51702e+26
0.12 5.62648e+26
0.13 -4.72804e+26
0.14 3.85882e+26
0.15 -3.05531e+26
0.16 2.34809e+26
0.17 -1.75758e+26
0.18 1.2921e+26
0.19 -9.48235e+25
0.2 7.13492e+25
0.21 -5.6985e+25
0.22 4.97361e+25
0.23 -4.76865e+25
0.24 4.91569e+25
0.25 -5.27624e+25
0.26 5.74112e+25
0.27 -6.22822e+25
0.28 6.67986e+25
0.29 -7.0601e+25
0.3 7.35044e+25
0.31 -7.54375e+25
0.32 7.63673e+25
0.33 -7.62306e+25
0.34 7.48918e+25
0.35 -7.21397e+25
0.36 6.77207e+25
0.37 -6.1389e+25
0.38 5.29514e+25
0.39 -4.22868e+25
0.4 2.93371e+25
0.41 -1.40793e+25
0.42 -3.50035e+24
0.43 2.34084e+25
0.44 -4.56106e+25
0.45 6.99655e+25
0.46 -9.61451e+25
0.47 1.23571e+26
0.48 -1.51396e+26
0.49 1.78549e+26
0.5 -2.03843e+26
0.51 2.26115e+26
0.52 -2.44374e+26
0.53 2.579e+26
0.54 -2.66275e+26
0.55 2.69347e+26
0.56 -2.67144e+26
0.57 2.59785e+26
0.58 -2.47428e+26
0.59 2.30265e+26
0.6 -2.08575e+26
0.61 1.82779e+26
0.62 -1.53466e+26
0.63 1.21335e+26
0.64 -8.70615e+25
0.65 5.11112e+25
0.66 -1.35651e+25
0.67 -2.59601e+25
0.68 6.82392e+25
0.69 -1.14193e+26
0.7 1.64512e+26
0.71 -2.19233e+26
0.72 2.77408e+26
0.73 -3.36956e+26
0.74 3.94788e+26
0.75 -4.47196e+26
0.76 4.90435e+26
0.77 -5.21371e+26
0.78 5.38044e+26
0.79 -5.40036e+26
0.8 5.2857e+26
0.81 -5.06353e+26
0.82 4.77226e+26
0.83 -4.45706e+26
0.84 4.16519e+26
0.85 -3.9417e+26
0.86 3.82583e+26
0.87 -3.84802e+26
0.88 4.02748e+26
0.89 -4.37037e+26
0.9 4.86878e+26
0.91 -5.50105e+26
0.92 6.23359e+26
0.93 -7.02437e+26
0.94 7.82759e+26
0.95 -8.59887e+26
0.96 9.29985e+26
0.97 -9.9014e+26
0.98 1.03849e+27
0.99 -1.07416e+27
