0 -1.05302e+17
0.01 1.03192e+17
0.02 -1.0022e+17
0.03 9.64167e+16
0.04 -9.17679e+16
0.05 8.62106e+16
0.06 -7.96579e+16
0.07 7.20596e+16
0.08 -6.34798e+16
0.09 5.4158e+16
0.1 -4.45186e+16
0.11 3.51123e+16
0.12 -2.65071e+16
0.13 1.91643e+16
0.14 -1.33482e+16
0.15 9.0973e+15
0.16 -6.25981e+15
0.17 4.57215e+15
0.18 -3.74348e+15
0.19 3.51728e+15
0.2 -3.69609e+15
0.21 4.13524e+15
0.22 -4.72234e+15
0.23 5.36079e+15
0.24 -5.96648e+15
0.25 6.47631e+15
0.26 -6.8589e+15
0.27 7.11708e+15
0.28 -7.27746e+15
0.29 7.37021e+15
0.3 -7.40842e+15
0.31 7.37672e+15
0.32 -7.2339e+15
0.33 6.9274e+15
0.34 -6.41179e+15
0.35 5.66229e+15
0.36 -4.67778e+15
0.37 3.47313e+15
0.38 -2.06549e+15
0.39 4.61124e+14
0.4 1.35108e+15
0.41 -3.39616e+15
0.42 5.69942e+15
0.43 -8.26626e+15
0.44 1.10616e+16
0.45 -1.39974e+16
0.46 1.69348e+16
0.47 -1.9703e+16
0.48 2.21313e+16
0.49 -2.40825e+16
0.5 2.54778e+16
0.51 -2.63008e+16
0.52 2.65827e+16
0.53 -2.63726e+16
0.54 2.5708e+16
0.55 -2.45968e+16
0.56 2.30208e+16
0.57 -2.09581e+16
0.58 1.84151e+16
0.59 -1.54516e+16
0.6 1.21846e+16
0.61 -8.76457e+15
0.62 5.3285e+15
0.63 -1.94655e+15
0.64 -1.41792e+15
0.65 4.91593e+15
0.66 -8.77928e+15
0.67 1.32498e+16
0.68 -1.8489e+16
0.69 2.44951e+16
0.7 -3.10537e+16
0.71 3.77446e+16
0.72 -4.40055e+16
0.73 4.92402e+16
0.74 -5.29405e+16
0.75 5.47896e+16
0.76 -5.47186e+16
0.77 5.29077e+16
0.78 -4.97387e+16
0.79 4.57202e+16
0.8 -4.14117e+16
0.81 3.73625e+16
0.82 -3.40758e+16
0.83 3.19886e+16
0.84 -3.14584e+16
0.85 3.27424e+16
0.86 -3.59668e+16
0.87 4.10925e+16
0.88 -4.78927e+16
0.89 5.59583e+16
0.9 -6.47397e+16
0.91 7.36226e+16
0.92 -8.20204e+16
0.93 8.94586e+16
0.94 -9.56283e+16
0.95 1.00395e+17
0.96 -1.03764e+17
0.97 1.05827e+17
0.98 -1.06701e+17
0.99 1.06496e+17
