0 -0.999314
0.01 -1.00024
0.02 -0.99726
0.03 -0.990308
0.04 -0.979477
0.05 -0.964761
0.06 -0.946248
0.07 -0.923996
0.08 -0.898099
0.09 -0.868657
0.1 -0.835788
0.11 -0.799618
0.12 -0.760295
0.13 -0.71797
0.14 -0.672812
0.15 -0.624998
0.16 -0.574719
0.17 -0.522169
0.18 -0.467563
0.19 -0.411106
0.2 -0.353032
0.21 -0.29356
0.22 -0.232933
0.23 -0.171384
0.24 -0.109161
0.25 -0.0465044
0.26 0.0163315
0.27 0.0791081
0.28 0.141568
0.29 0.203473
0.3 0.264571
0.31 0.324628
0.32 0.383402
0.33 0.440664
0.34 0.496187
0.35 0.549751
0.36 0.601146
0.37 0.650167
0.38 0.696625
0.39 0.740329
0.4 0.781119
0.41 0.818816
0.42 0.853294
0.43 0.88439
0.44 0.912011
0.45 0.936017
0.46 0.956345
0.47 0.972883
0.48 0.985596
0.49 0.994406
0.5 0.999305
0.51 1.00025
0.52 0.997253
0.53 0.990313
0.54 0.979473
0.55 0.964763
0.56 0.946247
0.57 0.923997
0.58 0.898098
0.59 0.868658
0.6 0.835787
0.61 0.799619
0.62 0.760294
0.63 0.717972
0.64 0.672808
0.65 0.625004
0.66 0.574711
0.67 0.522179
0.68 0.467552
0.69 0.411117
0.7 0.353022
0.71 0.293568
0.72 0.232926
0.73 0.17139
0.74 0.109156
0.75 0.0465096
0.76 -0.0163363
0.77 -0.079104
0.78 -0.141571
0.79 -0.203469
0.8 -0.264574
0.81 -0.324624
0.82 -0.383408
0.83 -0.440657
0.84 -0.496196
0.85 -0.54974
0.86 -0.601159
0.87 -0.650154
0.88 -0.696638
0.89 -0.740317
0.9 -0.781131
0.91 -0.818805
0.92 -0.853305
0.93 -0.884379
0.94 -0.912022
0.95 -0.936007
0.96 -0.956354
0.97 -0.972875
0.98 -0.985605
0.99 -0.994398
